# Advanced LIGO sensitivity design curve
# Ref: https://dcc.ligo.org/LIGO-T1800044/public
# f [Hz], sqrt(S_n) [1 / sqrt(Hz)]
5  1.9997e-20
5.0115  1.9462e-20
5.0231  1.8942e-20
5.0347  1.8437e-20
5.0463  1.7946e-20
5.0579  1.7469e-20
5.0696  1.7005e-20
5.0813  1.6555e-20
5.093  1.6117e-20
5.1047  1.5691e-20
5.1165  1.5277e-20
5.1283  1.4875e-20
5.1401  1.4484e-20
5.152  1.4104e-20
5.1639  1.3734e-20
5.1758  1.3375e-20
5.1877  1.3026e-20
5.1997  1.2686e-20
5.2117  1.2355e-20
5.2237  1.2034e-20
5.2357  1.1722e-20
5.2478  1.1418e-20
5.2599  1.1122e-20
5.272  1.0835e-20
5.2842  1.0555e-20
5.2964  1.0283e-20
5.3086  1.0018e-20
5.3208  9.7607e-21
5.3331  9.5103e-21
5.3454  9.2666e-21
5.3577  9.0295e-21
5.3701  8.7988e-21
5.3825  8.5744e-21
5.3949  8.3559e-21
5.4073  8.1434e-21
5.4198  7.9365e-21
5.4323  7.7352e-21
5.4448  7.5393e-21
5.4574  7.3487e-21
5.4699  7.1631e-21
5.4826  6.9824e-21
5.4952  6.8066e-21
5.5079  6.6354e-21
5.5206  6.4688e-21
5.5333  6.3066e-21
5.5461  6.1487e-21
5.5589  5.995e-21
5.5717  5.8453e-21
5.5845  5.6996e-21
5.5974  5.5577e-21
5.6103  5.4195e-21
5.6232  5.285e-21
5.6362  5.154e-21
5.6492  5.0264e-21
5.6622  4.9022e-21
5.6753  4.7812e-21
5.6884  4.6634e-21
5.7015  4.5486e-21
5.7146  4.4369e-21
5.7278  4.328e-21
5.741  4.222e-21
5.7543  4.1187e-21
5.7675  4.0181e-21
5.7808  3.9201e-21
5.7942  3.8246e-21
5.8075  3.7316e-21
5.8209  3.641e-21
5.8343  3.5528e-21
5.8478  3.4668e-21
5.8613  3.383e-21
5.8748  3.3014e-21
5.8884  3.2218e-21
5.9019  3.1443e-21
5.9155  3.0688e-21
5.9292  2.9953e-21
5.9429  2.9236e-21
5.9566  2.8537e-21
5.9703  2.7856e-21
5.9841  2.7193e-21
5.9979  2.6546e-21
6.0117  2.5916e-21
6.0256  2.5302e-21
6.0394  2.4703e-21
6.0534  2.412e-21
6.0673  2.3551e-21
6.0813  2.2997e-21
6.0954  2.2457e-21
6.1094  2.1931e-21
6.1235  2.1418e-21
6.1376  2.0917e-21
6.1518  2.043e-21
6.166  1.9955e-21
6.1802  1.9491e-21
6.1944  1.904e-21
6.2087  1.86e-21
6.223  1.817e-21
6.2374  1.7752e-21
6.2518  1.7344e-21
6.2662  1.6947e-21
6.2806  1.6559e-21
6.2951  1.6181e-21
6.3096  1.5812e-21
6.3242  1.5453e-21
6.3388  1.5103e-21
6.3534  1.4762e-21
6.368  1.4429e-21
6.3827  1.4104e-21
6.3974  1.3788e-21
6.4122  1.3479e-21
6.427  1.3178e-21
6.4418  1.2885e-21
6.4566  1.2599e-21
6.4715  1.232e-21
6.4865  1.2048e-21
6.5014  1.1783e-21
6.5164  1.1524e-21
6.5314  1.1272e-21
6.5465  1.1027e-21
6.5616  1.0787e-21
6.5767  1.0553e-21
6.5919  1.0326e-21
6.6071  1.0103e-21
6.6223  9.8868e-22
6.6376  9.6756e-22
6.6529  9.4697e-22
6.6682  9.2689e-22
6.6836  9.0732e-22
6.699  8.8823e-22
6.7145  8.6962e-22
6.73  8.5148e-22
6.7455  8.3378e-22
6.761  8.1654e-22
6.7766  7.9972e-22
6.7923  7.8332e-22
6.8079  7.6734e-22
6.8236  7.5175e-22
6.8394  7.3656e-22
6.8551  7.2174e-22
6.8709  7.073e-22
6.8868  6.9323e-22
6.9027  6.795e-22
6.9186  6.6612e-22
6.9345  6.5308e-22
6.9505  6.4037e-22
6.9666  6.2798e-22
6.9826  6.159e-22
6.9987  6.0412e-22
7.0149  5.9265e-22
7.031  5.8146e-22
7.0473  5.7056e-22
7.0635  5.5994e-22
7.0798  5.4958e-22
7.0961  5.3949e-22
7.1125  5.2966e-22
7.1289  5.2007e-22
7.1453  5.1073e-22
7.1618  5.0163e-22
7.1783  4.9277e-22
7.1949  4.8413e-22
7.2115  4.7571e-22
7.2281  4.6751e-22
7.2448  4.5952e-22
7.2615  4.5173e-22
7.2782  4.4415e-22
7.295  4.3676e-22
7.3118  4.2957e-22
7.3287  4.2256e-22
7.3456  4.1573e-22
7.3625  4.0908e-22
7.3795  4.0261e-22
7.3965  3.963e-22
7.4136  3.9016e-22
7.4307  3.8418e-22
7.4478  3.7836e-22
7.465  3.7269e-22
7.4822  3.6717e-22
7.4994  3.618e-22
7.5167  3.5656e-22
7.5341  3.5147e-22
7.5514  3.4651e-22
7.5689  3.4169e-22
7.5863  3.3699e-22
7.6038  3.3242e-22
7.6213  3.2797e-22
7.6389  3.2365e-22
7.6565  3.1943e-22
7.6742  3.1534e-22
7.6919  3.1135e-22
7.7096  3.0747e-22
7.7274  3.037e-22
7.7452  3.0004e-22
7.7631  2.9647e-22
7.781  2.93e-22
7.7989  2.8963e-22
7.8169  2.8635e-22
7.8349  2.8316e-22
7.853  2.8007e-22
7.8711  2.7706e-22
7.8893  2.7413e-22
7.9074  2.7129e-22
7.9257  2.6853e-22
7.944  2.6586e-22
7.9623  2.6326e-22
7.9806  2.6073e-22
7.999  2.5828e-22
8.0175  2.5591e-22
8.036  2.5361e-22
8.0545  2.5137e-22
8.0731  2.4921e-22
8.0917  2.4712e-22
8.1104  2.4509e-22
8.1291  2.4312e-22
8.1478  2.4123e-22
8.1666  2.3939e-22
8.1854  2.3762e-22
8.2043  2.3591e-22
8.2232  2.3426e-22
8.2422  2.3268e-22
8.2612  2.3115e-22
8.2802  2.2968e-22
8.2993  2.2827e-22
8.3185  2.2692e-22
8.3377  2.2563e-22
8.3569  2.244e-22
8.3762  2.2322e-22
8.3955  2.221e-22
8.4148  2.2104e-22
8.4342  2.2004e-22
8.4537  2.191e-22
8.4732  2.1822e-22
8.4927  2.174e-22
8.5123  2.1664e-22
8.5319  2.1594e-22
8.5516  2.1531e-22
8.5713  2.1474e-22
8.5911  2.1423e-22
8.6109  2.138e-22
8.6308  2.1343e-22
8.6507  2.1314e-22
8.6706  2.1292e-22
8.6906  2.1278e-22
8.7106  2.1272e-22
8.7307  2.1274e-22
8.7509  2.1285e-22
8.771  2.1305e-22
8.7913  2.1335e-22
8.8115  2.1375e-22
8.8319  2.1426e-22
8.8522  2.1489e-22
8.8726  2.1564e-22
8.8931  2.1651e-22
8.9136  2.1753e-22
8.9342  2.187e-22
8.9548  2.2003e-22
8.9754  2.2154e-22
8.9961  2.2323e-22
9.0169  2.2513e-22
9.0377  2.2726e-22
9.0585  2.2963e-22
9.0794  2.3227e-22
9.1003  2.3521e-22
9.1213  2.3848e-22
9.1423  2.4211e-22
9.1634  2.4615e-22
9.1846  2.5065e-22
9.2057  2.5566e-22
9.227  2.6125e-22
9.2482  2.675e-22
9.2696  2.7451e-22
9.2909  2.8238e-22
9.3124  2.9126e-22
9.3338  3.0131e-22
9.3554  3.1274e-22
9.3769  3.2581e-22
9.3986  3.4084e-22
9.4202  3.5826e-22
9.442  3.786e-22
9.4637  4.026e-22
9.4856  4.3124e-22
9.5074  4.659e-22
9.5294  5.0857e-22
9.5513  5.6218e-22
9.5734  6.3135e-22
9.5954  7.237e-22
9.6176  8.5276e-22
9.6397  1.0452e-21
9.662  1.3616e-21
9.6842  1.9762e-21
9.7066  3.6774e-21
9.729  3.0668e-20
9.7514  4.7297e-21
9.7739  2.1756e-21
9.7964  1.4056e-21
9.819  1.0349e-21
9.8417  8.1736e-22
9.8643  6.7459e-22
9.8871  5.7392e-22
9.9099  4.9927e-22
9.9327  4.4183e-22
9.9557  3.9636e-22
9.9786  3.5955e-22
10.002  3.2919e-22
10.025  3.0377e-22
10.048  2.8223e-22
10.071  2.6375e-22
10.094  2.4777e-22
10.117  2.3383e-22
10.141  2.2158e-22
10.164  2.1074e-22
10.188  2.011e-22
10.211  1.9248e-22
10.235  1.8473e-22
10.258  1.7773e-22
10.282  1.7139e-22
10.306  1.6562e-22
10.329  1.6035e-22
10.353  1.5552e-22
10.377  1.5108e-22
10.401  1.4699e-22
10.425  1.432e-22
10.449  1.3969e-22
10.473  1.3643e-22
10.497  1.3339e-22
10.522  1.3056e-22
10.546  1.279e-22
10.57  1.2541e-22
10.594  1.2306e-22
10.619  1.2085e-22
10.643  1.1877e-22
10.668  1.1679e-22
10.693  1.1492e-22
10.717  1.1315e-22
10.742  1.1146e-22
10.767  1.0986e-22
10.791  1.0832e-22
10.816  1.0686e-22
10.841  1.0545e-22
10.866  1.0411e-22
10.891  1.0282e-22
10.916  1.0158e-22
10.942  1.0039e-22
10.967  9.9242e-23
10.992  9.8134e-23
11.018  9.7064e-23
11.043  9.603e-23
11.068  9.5029e-23
11.094  9.406e-23
11.12  9.312e-23
11.145  9.2207e-23
11.171  9.132e-23
11.197  9.0458e-23
11.222  8.9619e-23
11.248  8.8802e-23
11.274  8.8005e-23
11.3  8.7228e-23
11.326  8.6469e-23
11.352  8.5728e-23
11.379  8.5004e-23
11.405  8.4296e-23
11.431  8.3602e-23
11.458  8.2923e-23
11.484  8.2258e-23
11.51  8.1606e-23
11.537  8.0966e-23
11.564  8.0339e-23
11.59  7.9722e-23
11.617  7.9117e-23
11.644  7.8523e-23
11.671  7.7938e-23
11.697  7.7364e-23
11.724  7.6798e-23
11.752  7.6242e-23
11.779  7.5694e-23
11.806  7.5155e-23
11.833  7.4624e-23
11.86  7.4101e-23
11.888  7.3585e-23
11.915  7.3076e-23
11.943  7.2575e-23
11.97  7.208e-23
11.998  7.1592e-23
12.025  7.1111e-23
12.053  7.0636e-23
12.081  7.0166e-23
12.109  6.9703e-23
12.137  6.9246e-23
12.165  6.8794e-23
12.193  6.8347e-23
12.221  6.7906e-23
12.249  6.747e-23
12.277  6.7039e-23
12.306  6.6612e-23
12.334  6.6191e-23
12.362  6.5774e-23
12.391  6.5362e-23
12.419  6.4955e-23
12.448  6.4551e-23
12.477  6.4152e-23
12.506  6.3757e-23
12.534  6.3367e-23
12.563  6.298e-23
12.592  6.2597e-23
12.621  6.2218e-23
12.65  6.1843e-23
12.68  6.1471e-23
12.709  6.1103e-23
12.738  6.0739e-23
12.767  6.0378e-23
12.797  6.002e-23
12.826  5.9666e-23
12.856  5.9315e-23
12.886  5.8968e-23
12.915  5.8623e-23
12.945  5.8282e-23
12.975  5.7944e-23
13.005  5.7609e-23
13.035  5.7276e-23
13.065  5.6947e-23
13.095  5.6621e-23
13.125  5.6297e-23
13.156  5.5976e-23
13.186  5.5658e-23
13.216  5.5343e-23
13.247  5.503e-23
13.277  5.472e-23
13.308  5.4413e-23
13.339  5.4108e-23
13.369  5.3806e-23
13.4  5.3506e-23
13.431  5.3208e-23
13.462  5.2913e-23
13.493  5.2621e-23
13.524  5.233e-23
13.555  5.2042e-23
13.587  5.1756e-23
13.618  5.1473e-23
13.649  5.1192e-23
13.681  5.0912e-23
13.712  5.0636e-23
13.744  5.0361e-23
13.776  5.0088e-23
13.808  4.9817e-23
13.839  4.9549e-23
13.871  4.9282e-23
13.903  4.9018e-23
13.935  4.8755e-23
13.968  4.8494e-23
14  4.8235e-23
14.032  4.7979e-23
14.064  4.7724e-23
14.097  4.7471e-23
14.129  4.7219e-23
14.162  4.697e-23
14.195  4.6722e-23
14.227  4.6476e-23
14.26  4.6232e-23
14.293  4.599e-23
14.326  4.5749e-23
14.359  4.551e-23
14.392  4.5273e-23
14.425  4.5037e-23
14.459  4.4803e-23
14.492  4.4571e-23
14.525  4.434e-23
14.559  4.411e-23
14.592  4.3883e-23
14.626  4.3657e-23
14.66  4.3432e-23
14.694  4.3209e-23
14.727  4.2987e-23
14.761  4.2767e-23
14.795  4.2549e-23
14.83  4.2332e-23
14.864  4.2116e-23
14.898  4.1902e-23
14.932  4.1689e-23
14.967  4.1477e-23
15.001  4.1267e-23
15.036  4.1058e-23
15.071  4.0851e-23
15.105  4.0645e-23
15.14  4.044e-23
15.175  4.0237e-23
15.21  4.0035e-23
15.245  3.9834e-23
15.28  3.9635e-23
15.316  3.9436e-23
15.351  3.9239e-23
15.386  3.9044e-23
15.422  3.8849e-23
15.457  3.8656e-23
15.493  3.8464e-23
15.529  3.8273e-23
15.564  3.8083e-23
15.6  3.7895e-23
15.636  3.7708e-23
15.672  3.7522e-23
15.709  3.7337e-23
15.745  3.7153e-23
15.781  3.697e-23
15.817  3.6788e-23
15.854  3.6608e-23
15.89  3.6429e-23
15.927  3.625e-23
15.964  3.6073e-23
16.001  3.5897e-23
16.038  3.5722e-23
16.075  3.5548e-23
16.112  3.5375e-23
16.149  3.5203e-23
16.186  3.5032e-23
16.223  3.4862e-23
16.261  3.4693e-23
16.298  3.4525e-23
16.336  3.4358e-23
16.374  3.4192e-23
16.411  3.4028e-23
16.449  3.3864e-23
16.487  3.3701e-23
16.525  3.3539e-23
16.563  3.3378e-23
16.601  3.3217e-23
16.64  3.3058e-23
16.678  3.29e-23
16.716  3.2743e-23
16.755  3.2586e-23
16.794  3.2431e-23
16.832  3.2276e-23
16.871  3.2122e-23
16.91  3.1969e-23
16.949  3.1818e-23
16.988  3.1666e-23
17.027  3.1516e-23
17.067  3.1367e-23
17.106  3.1218e-23
17.145  3.1071e-23
17.185  3.0924e-23
17.225  3.0778e-23
17.264  3.0633e-23
17.304  3.0488e-23
17.344  3.0345e-23
17.384  3.0202e-23
17.424  3.006e-23
17.464  2.9919e-23
17.505  2.9779e-23
17.545  2.964e-23
17.585  2.9501e-23
17.626  2.9363e-23
17.667  2.9226e-23
17.707  2.9089e-23
17.748  2.8954e-23
17.789  2.8819e-23
17.83  2.8685e-23
17.871  2.8551e-23
17.912  2.8419e-23
17.954  2.8287e-23
17.995  2.8156e-23
18.037  2.8025e-23
18.078  2.7896e-23
18.12  2.7767e-23
18.162  2.7638e-23
18.204  2.7511e-23
18.246  2.7384e-23
18.288  2.7258e-23
18.33  2.7132e-23
18.372  2.7007e-23
18.414  2.6883e-23
18.457  2.676e-23
18.499  2.6637e-23
18.542  2.6515e-23
18.585  2.6394e-23
18.628  2.6273e-23
18.671  2.6153e-23
18.714  2.6034e-23
18.757  2.5915e-23
18.8  2.5797e-23
18.844  2.5679e-23
18.887  2.5562e-23
18.931  2.5446e-23
18.974  2.5331e-23
19.018  2.5216e-23
19.062  2.5101e-23
19.106  2.4988e-23
19.15  2.4875e-23
19.194  2.4762e-23
19.238  2.465e-23
19.283  2.4539e-23
19.327  2.4428e-23
19.372  2.4318e-23
19.416  2.4209e-23
19.461  2.41e-23
19.506  2.3992e-23
19.551  2.3884e-23
19.596  2.3777e-23
19.641  2.367e-23
19.686  2.3564e-23
19.732  2.3459e-23
19.777  2.3354e-23
19.823  2.325e-23
19.869  2.3146e-23
19.915  2.3043e-23
19.96  2.294e-23
20.006  2.2838e-23
20.053  2.2737e-23
20.099  2.2636e-23
20.145  2.2535e-23
20.192  2.2435e-23
20.238  2.2336e-23
20.285  2.2237e-23
20.332  2.2139e-23
20.379  2.2041e-23
20.426  2.1943e-23
20.473  2.1847e-23
20.52  2.175e-23
20.567  2.1655e-23
20.615  2.1559e-23
20.662  2.1465e-23
20.71  2.1371e-23
20.758  2.1277e-23
20.805  2.1184e-23
20.853  2.1091e-23
20.901  2.0999e-23
20.95  2.0907e-23
20.998  2.0816e-23
21.046  2.0725e-23
21.095  2.0634e-23
21.144  2.0545e-23
21.192  2.0455e-23
21.241  2.0366e-23
21.29  2.0278e-23
21.339  2.019e-23
21.389  2.0103e-23
21.438  2.0015e-23
21.487  1.9929e-23
21.537  1.9843e-23
21.586  1.9757e-23
21.636  1.9672e-23
21.686  1.9587e-23
21.736  1.9503e-23
21.786  1.9419e-23
21.837  1.9336e-23
21.887  1.9253e-23
21.937  1.917e-23
21.988  1.9088e-23
22.039  1.9006e-23
22.089  1.8925e-23
22.14  1.8844e-23
22.191  1.8764e-23
22.243  1.8684e-23
22.294  1.8604e-23
22.345  1.8525e-23
22.397  1.8446e-23
22.449  1.8368e-23
22.5  1.829e-23
22.552  1.8213e-23
22.604  1.8136e-23
22.656  1.8059e-23
22.709  1.7983e-23
22.761  1.7907e-23
22.813  1.7831e-23
22.866  1.7756e-23
22.919  1.7681e-23
22.972  1.7607e-23
23.025  1.7533e-23
23.078  1.746e-23
23.131  1.7386e-23
23.184  1.7314e-23
23.238  1.7241e-23
23.291  1.7169e-23
23.345  1.7098e-23
23.399  1.7026e-23
23.453  1.6956e-23
23.507  1.6885e-23
23.561  1.6815e-23
23.615  1.6745e-23
23.67  1.6676e-23
23.724  1.6607e-23
23.779  1.6538e-23
23.834  1.647e-23
23.889  1.6402e-23
23.944  1.6334e-23
23.999  1.6267e-23
24.055  1.62e-23
24.11  1.6133e-23
24.166  1.6067e-23
24.221  1.6001e-23
24.277  1.5936e-23
24.333  1.5871e-23
24.389  1.5806e-23
24.446  1.5741e-23
24.502  1.5677e-23
24.558  1.5613e-23
24.615  1.555e-23
24.672  1.5487e-23
24.729  1.5424e-23
24.786  1.5362e-23
24.843  1.5299e-23
24.9  1.5238e-23
24.958  1.5176e-23
25.015  1.5115e-23
25.073  1.5054e-23
25.131  1.4993e-23
25.189  1.4933e-23
25.247  1.4873e-23
25.305  1.4814e-23
25.363  1.4754e-23
25.422  1.4695e-23
25.48  1.4637e-23
25.539  1.4578e-23
25.598  1.452e-23
25.657  1.4463e-23
25.716  1.4405e-23
25.776  1.4348e-23
25.835  1.4291e-23
25.895  1.4235e-23
25.954  1.4178e-23
26.014  1.4122e-23
26.074  1.4067e-23
26.134  1.4011e-23
26.194  1.3956e-23
26.255  1.3901e-23
26.315  1.3847e-23
26.376  1.3793e-23
26.437  1.3739e-23
26.498  1.3685e-23
26.559  1.3632e-23
26.62  1.3579e-23
26.682  1.3526e-23
26.743  1.3473e-23
26.805  1.3421e-23
26.867  1.3369e-23
26.929  1.3317e-23
26.991  1.3266e-23
27.053  1.3215e-23
27.115  1.3164e-23
27.178  1.3113e-23
27.241  1.3063e-23
27.303  1.3013e-23
27.366  1.2963e-23
27.429  1.2913e-23
27.493  1.2864e-23
27.556  1.2815e-23
27.62  1.2766e-23
27.683  1.2718e-23
27.747  1.2669e-23
27.811  1.2621e-23
27.875  1.2574e-23
27.94  1.2526e-23
28.004  1.2479e-23
28.069  1.2432e-23
28.133  1.2385e-23
28.198  1.2338e-23
28.263  1.2292e-23
28.328  1.2246e-23
28.394  1.22e-23
28.459  1.2155e-23
28.525  1.2109e-23
28.591  1.2064e-23
28.656  1.202e-23
28.723  1.1975e-23
28.789  1.1931e-23
28.855  1.1887e-23
28.922  1.1843e-23
28.988  1.1799e-23
29.055  1.1756e-23
29.122  1.1712e-23
29.189  1.1669e-23
29.257  1.1627e-23
29.324  1.1584e-23
29.392  1.1542e-23
29.46  1.15e-23
29.528  1.1458e-23
29.596  1.1416e-23
29.664  1.1375e-23
29.732  1.1334e-23
29.801  1.1293e-23
29.87  1.1252e-23
29.938  1.1212e-23
30.007  1.1171e-23
30.077  1.1131e-23
30.146  1.1091e-23
30.216  1.1052e-23
30.285  1.1012e-23
30.355  1.0973e-23
30.425  1.0934e-23
30.495  1.0895e-23
30.566  1.0857e-23
30.636  1.0818e-23
30.707  1.078e-23
30.777  1.0742e-23
30.848  1.0704e-23
30.92  1.0667e-23
30.991  1.0629e-23
31.062  1.0592e-23
31.134  1.0555e-23
31.206  1.0518e-23
31.278  1.0482e-23
31.35  1.0445e-23
31.422  1.0409e-23
31.495  1.0373e-23
31.567  1.0337e-23
31.64  1.0302e-23
31.713  1.0266e-23
31.786  1.0231e-23
31.859  1.0196e-23
31.933  1.0161e-23
32.007  1.0126e-23
32.08  1.0092e-23
32.154  1.0057e-23
32.228  1.0023e-23
32.303  9.9894e-24
32.377  9.9556e-24
32.452  9.9221e-24
32.527  9.8887e-24
32.602  9.8554e-24
32.677  9.8224e-24
32.752  9.7896e-24
32.828  9.7569e-24
32.904  9.7244e-24
32.979  9.692e-24
33.055  9.6599e-24
33.132  9.6279e-24
33.208  9.5961e-24
33.285  9.5644e-24
33.361  9.533e-24
33.438  9.5017e-24
33.515  9.4705e-24
33.593  9.4396e-24
33.67  9.4088e-24
33.748  9.3782e-24
33.826  9.3477e-24
33.904  9.3174e-24
33.982  9.2873e-24
34.06  9.2573e-24
34.139  9.2275e-24
34.218  9.1979e-24
34.296  9.1684e-24
34.376  9.139e-24
34.455  9.1099e-24
34.534  9.0809e-24
34.614  9.052e-24
34.694  9.0233e-24
34.774  8.9948e-24
34.854  8.9664e-24
34.934  8.9382e-24
35.015  8.9101e-24
35.096  8.8822e-24
35.176  8.8544e-24
35.258  8.8268e-24
35.339  8.7993e-24
35.42  8.772e-24
35.502  8.7448e-24
35.584  8.7178e-24
35.666  8.6909e-24
35.748  8.6642e-24
35.831  8.6376e-24
35.913  8.6112e-24
35.996  8.5849e-24
36.079  8.5587e-24
36.162  8.5327e-24
36.246  8.5069e-24
36.329  8.4811e-24
36.413  8.4556e-24
36.497  8.4301e-24
36.581  8.4048e-24
36.666  8.3796e-24
36.75  8.3546e-24
36.835  8.3297e-24
36.92  8.3049e-24
37.005  8.2803e-24
37.09  8.2558e-24
37.176  8.2315e-24
37.262  8.2073e-24
37.347  8.1832e-24
37.434  8.1592e-24
37.52  8.1354e-24
37.606  8.1117e-24
37.693  8.0881e-24
37.78  8.0647e-24
37.867  8.0414e-24
37.955  8.0182e-24
38.042  7.9952e-24
38.13  7.9722e-24
38.218  7.9494e-24
38.306  7.9268e-24
38.394  7.9042e-24
38.483  7.8818e-24
38.571  7.8595e-24
38.66  7.8373e-24
38.75  7.8152e-24
38.839  7.7933e-24
38.928  7.7715e-24
39.018  7.7498e-24
39.108  7.7282e-24
39.198  7.7067e-24
39.289  7.6854e-24
39.379  7.6641e-24
39.47  7.643e-24
39.561  7.622e-24
39.652  7.6012e-24
39.744  7.5804e-24
39.836  7.5597e-24
39.927  7.5392e-24
40.019  7.5188e-24
40.112  7.4985e-24
40.204  7.4783e-24
40.297  7.4582e-24
40.39  7.4382e-24
40.483  7.4183e-24
40.576  7.3986e-24
40.67  7.3789e-24
40.764  7.3594e-24
40.858  7.3399e-24
40.952  7.3206e-24
41.046  7.3014e-24
41.141  7.2822e-24
41.236  7.2632e-24
41.331  7.2443e-24
41.426  7.2255e-24
41.522  7.2068e-24
41.618  7.1882e-24
41.714  7.1697e-24
41.81  7.1513e-24
41.906  7.133e-24
42.003  7.1148e-24
42.1  7.0967e-24
42.197  7.0787e-24
42.294  7.0608e-24
42.392  7.043e-24
42.489  7.0253e-24
42.587  7.0077e-24
42.686  6.9902e-24
42.784  6.9728e-24
42.883  6.9555e-24
42.981  6.9383e-24
43.081  6.9212e-24
43.18  6.9041e-24
43.28  6.8872e-24
43.379  6.8703e-24
43.479  6.8536e-24
43.58  6.8369e-24
43.68  6.8203e-24
43.781  6.8039e-24
43.882  6.7875e-24
43.983  6.7712e-24
44.084  6.755e-24
44.186  6.7388e-24
44.288  6.7228e-24
44.39  6.7069e-24
44.492  6.691e-24
44.595  6.6752e-24
44.698  6.6595e-24
44.801  6.6439e-24
44.904  6.6284e-24
45.008  6.613e-24
45.112  6.5977e-24
45.216  6.5824e-24
45.32  6.5672e-24
45.424  6.5521e-24
45.529  6.5371e-24
45.634  6.5222e-24
45.739  6.5073e-24
45.845  6.4925e-24
45.951  6.4779e-24
46.057  6.4632e-24
46.163  6.4487e-24
46.269  6.4343e-24
46.376  6.4199e-24
46.483  6.4056e-24
46.59  6.3914e-24
46.697  6.3772e-24
46.805  6.3632e-24
46.913  6.3492e-24
47.021  6.3353e-24
47.13  6.3214e-24
47.238  6.3077e-24
47.347  6.294e-24
47.457  6.2804e-24
47.566  6.2668e-24
47.676  6.2534e-24
47.786  6.24e-24
47.896  6.2267e-24
48.006  6.2134e-24
48.117  6.2002e-24
48.228  6.1871e-24
48.339  6.1741e-24
48.451  6.1611e-24
48.562  6.1482e-24
48.674  6.1354e-24
48.787  6.1227e-24
48.899  6.11e-24
49.012  6.0974e-24
49.125  6.0848e-24
49.238  6.0723e-24
49.352  6.0599e-24
49.465  6.0476e-24
49.579  6.0353e-24
49.694  6.023e-24
49.808  6.0109e-24
49.923  5.9988e-24
50.038  5.9868e-24
50.154  5.9748e-24
50.269  5.9629e-24
50.385  5.9511e-24
50.502  5.9393e-24
50.618  5.9276e-24
50.735  5.916e-24
50.852  5.9044e-24
50.969  5.8929e-24
51.087  5.8814e-24
51.204  5.87e-24
51.322  5.8587e-24
51.441  5.8474e-24
51.559  5.8362e-24
51.678  5.825e-24
51.797  5.8139e-24
51.917  5.8029e-24
52.037  5.7919e-24
52.157  5.7809e-24
52.277  5.7701e-24
52.397  5.7593e-24
52.518  5.7485e-24
52.639  5.7378e-24
52.761  5.7272e-24
52.882  5.7166e-24
53.004  5.706e-24
53.127  5.6956e-24
53.249  5.6851e-24
53.372  5.6748e-24
53.495  5.6645e-24
53.618  5.6542e-24
53.742  5.644e-24
53.866  5.6338e-24
53.99  5.6237e-24
54.115  5.6137e-24
54.239  5.6037e-24
54.365  5.5938e-24
54.49  5.5839e-24
54.616  5.574e-24
54.741  5.5642e-24
54.868  5.5545e-24
54.994  5.5448e-24
55.121  5.5352e-24
55.248  5.5256e-24
55.376  5.516e-24
55.503  5.5065e-24
55.631  5.4971e-24
55.76  5.4877e-24
55.888  5.4783e-24
56.017  5.469e-24
56.146  5.4598e-24
56.276  5.4506e-24
56.405  5.4414e-24
56.535  5.4323e-24
56.666  5.4232e-24
56.797  5.4142e-24
56.928  5.4052e-24
57.059  5.3963e-24
57.19  5.3874e-24
57.322  5.3786e-24
57.454  5.3698e-24
57.587  5.361e-24
57.72  5.3523e-24
57.853  5.3437e-24
57.986  5.3351e-24
58.12  5.3265e-24
58.254  5.3179e-24
58.388  5.3095e-24
58.523  5.301e-24
58.658  5.2926e-24
58.793  5.2842e-24
58.929  5.2759e-24
59.065  5.2676e-24
59.201  5.2594e-24
59.337  5.2512e-24
59.474  5.243e-24
59.611  5.2349e-24
59.749  5.2268e-24
59.887  5.2188e-24
60.025  5.2108e-24
60.163  5.2028e-24
60.302  5.1949e-24
60.441  5.187e-24
60.58  5.1792e-24
60.72  5.1714e-24
60.86  5.1636e-24
61  5.1559e-24
61.141  5.1482e-24
61.282  5.1405e-24
61.423  5.1329e-24
61.565  5.1253e-24
61.707  5.1178e-24
61.849  5.1103e-24
61.992  5.1028e-24
62.135  5.0953e-24
62.278  5.0879e-24
62.422  5.0806e-24
62.566  5.0732e-24
62.71  5.0659e-24
62.855  5.0587e-24
62.999  5.0515e-24
63.145  5.0443e-24
63.29  5.0371e-24
63.436  5.03e-24
63.583  5.0229e-24
63.729  5.0158e-24
63.876  5.0088e-24
64.023  5.0018e-24
64.171  4.9949e-24
64.319  4.9879e-24
64.467  4.981e-24
64.616  4.9742e-24
64.765  4.9673e-24
64.914  4.9605e-24
65.064  4.9538e-24
65.214  4.947e-24
65.365  4.9403e-24
65.515  4.9337e-24
65.666  4.927e-24
65.818  4.9204e-24
65.97  4.9138e-24
66.122  4.9073e-24
66.274  4.9007e-24
66.427  4.8943e-24
66.58  4.8878e-24
66.734  4.8814e-24
66.888  4.875e-24
67.042  4.8686e-24
67.196  4.8622e-24
67.351  4.8559e-24
67.507  4.8496e-24
67.662  4.8434e-24
67.818  4.8371e-24
67.975  4.8309e-24
68.132  4.8248e-24
68.289  4.8186e-24
68.446  4.8125e-24
68.604  4.8064e-24
68.762  4.8003e-24
68.921  4.7943e-24
69.08  4.7883e-24
69.239  4.7823e-24
69.399  4.7763e-24
69.559  4.7704e-24
69.719  4.7645e-24
69.88  4.7586e-24
70.041  4.7527e-24
70.202  4.7469e-24
70.364  4.7411e-24
70.527  4.7353e-24
70.689  4.7296e-24
70.852  4.7238e-24
71.016  4.7181e-24
71.179  4.7124e-24
71.344  4.7068e-24
71.508  4.7012e-24
71.673  4.6955e-24
71.838  4.69e-24
72.004  4.6844e-24
72.17  4.6789e-24
72.336  4.6734e-24
72.503  4.6679e-24
72.67  4.6624e-24
72.838  4.657e-24
73.006  4.6515e-24
73.174  4.6461e-24
73.343  4.6408e-24
73.512  4.6354e-24
73.682  4.6301e-24
73.852  4.6248e-24
74.022  4.6195e-24
74.193  4.6142e-24
74.364  4.609e-24
74.535  4.6038e-24
74.707  4.5986e-24
74.879  4.5934e-24
75.052  4.5882e-24
75.225  4.5831e-24
75.399  4.578e-24
75.572  4.5729e-24
75.747  4.5678e-24
75.921  4.5628e-24
76.096  4.5577e-24
76.272  4.5527e-24
76.448  4.5477e-24
76.624  4.5427e-24
76.801  4.5378e-24
76.978  4.5329e-24
77.155  4.528e-24
77.333  4.5231e-24
77.512  4.5182e-24
77.69  4.5133e-24
77.87  4.5085e-24
78.049  4.5037e-24
78.229  4.4989e-24
78.409  4.4941e-24
78.59  4.4894e-24
78.772  4.4846e-24
78.953  4.4799e-24
79.135  4.4752e-24
79.318  4.4705e-24
79.501  4.4659e-24
79.684  4.4612e-24
79.868  4.4566e-24
80.052  4.452e-24
80.236  4.4474e-24
80.421  4.4428e-24
80.607  4.4382e-24
80.793  4.4337e-24
80.979  4.4292e-24
81.166  4.4247e-24
81.353  4.4202e-24
81.541  4.4157e-24
81.729  4.4113e-24
81.917  4.4068e-24
82.106  4.4024e-24
82.295  4.398e-24
82.485  4.3936e-24
82.675  4.3893e-24
82.866  4.3849e-24
83.057  4.3806e-24
83.249  4.3762e-24
83.441  4.3719e-24
83.633  4.3676e-24
83.826  4.3634e-24
84.019  4.3591e-24
84.213  4.3549e-24
84.407  4.3506e-24
84.602  4.3464e-24
84.797  4.3422e-24
84.992  4.3381e-24
85.188  4.3339e-24
85.385  4.3297e-24
85.582  4.3256e-24
85.779  4.3215e-24
85.977  4.3174e-24
86.175  4.3133e-24
86.374  4.3092e-24
86.573  4.3052e-24
86.773  4.3011e-24
86.973  4.2971e-24
87.173  4.2931e-24
87.374  4.2891e-24
87.576  4.2851e-24
87.778  4.2811e-24
87.98  4.2771e-24
88.183  4.2732e-24
88.386  4.2693e-24
88.59  4.2654e-24
88.795  4.2614e-24
88.999  4.2576e-24
89.205  4.2537e-24
89.41  4.2498e-24
89.616  4.246e-24
89.823  4.2421e-24
90.03  4.2383e-24
90.238  4.2345e-24
90.446  4.2307e-24
90.655  4.2269e-24
90.864  4.2232e-24
91.073  4.2194e-24
91.283  4.2157e-24
91.494  4.2119e-24
91.705  4.2082e-24
91.916  4.2045e-24
92.128  4.2008e-24
92.34  4.1971e-24
92.553  4.1935e-24
92.767  4.1898e-24
92.981  4.1862e-24
93.195  4.1825e-24
93.41  4.1789e-24
93.625  4.1753e-24
93.841  4.1717e-24
94.058  4.1681e-24
94.275  4.1646e-24
94.492  4.161e-24
94.71  4.1574e-24
94.928  4.1539e-24
95.147  4.1504e-24
95.367  4.1469e-24
95.587  4.1434e-24
95.807  4.1399e-24
96.028  4.1364e-24
96.249  4.1329e-24
96.471  4.1295e-24
96.694  4.1261e-24
96.917  4.1226e-24
97.14  4.1192e-24
97.364  4.1158e-24
97.589  4.1124e-24
97.814  4.109e-24
98.039  4.1056e-24
98.266  4.1023e-24
98.492  4.0989e-24
98.719  4.0956e-24
98.947  4.0922e-24
99.175  4.0889e-24
99.404  4.0856e-24
99.633  4.0823e-24
99.863  4.079e-24
100.09  4.0757e-24
100.32  4.0725e-24
100.56  4.0692e-24
100.79  4.066e-24
101.02  4.0627e-24
101.25  4.0595e-24
101.49  4.0563e-24
101.72  4.0531e-24
101.95  4.0499e-24
102.19  4.0467e-24
102.43  4.0435e-24
102.66  4.0403e-24
102.9  4.0372e-24
103.14  4.034e-24
103.37  4.0309e-24
103.61  4.0278e-24
103.85  4.0247e-24
104.09  4.0216e-24
104.33  4.0185e-24
104.57  4.0154e-24
104.81  4.0123e-24
105.05  4.0092e-24
105.3  4.0062e-24
105.54  4.0031e-24
105.78  4.0001e-24
106.03  3.997e-24
106.27  3.994e-24
106.52  3.991e-24
106.76  3.988e-24
107.01  3.985e-24
107.25  3.982e-24
107.5  3.979e-24
107.75  3.9761e-24
108  3.9731e-24
108.25  3.9702e-24
108.5  3.9672e-24
108.75  3.9643e-24
109  3.9614e-24
109.25  3.9585e-24
109.5  3.9556e-24
109.75  3.9527e-24
110.01  3.9498e-24
110.26  3.9469e-24
110.51  3.944e-24
110.77  3.9412e-24
111.02  3.9383e-24
111.28  3.9355e-24
111.54  3.9327e-24
111.79  3.9298e-24
112.05  3.927e-24
112.31  3.9242e-24
112.57  3.9214e-24
112.83  3.9186e-24
113.09  3.9158e-24
113.35  3.913e-24
113.61  3.9103e-24
113.87  3.9075e-24
114.14  3.9048e-24
114.4  3.902e-24
114.66  3.8993e-24
114.93  3.8966e-24
115.19  3.8939e-24
115.46  3.8911e-24
115.72  3.8884e-24
115.99  3.8857e-24
116.26  3.8831e-24
116.53  3.8804e-24
116.8  3.8777e-24
117.06  3.8751e-24
117.33  3.8724e-24
117.61  3.8698e-24
117.88  3.8671e-24
118.15  3.8645e-24
118.42  3.8619e-24
118.69  3.8593e-24
118.97  3.8566e-24
119.24  3.854e-24
119.52  3.8515e-24
119.79  3.8489e-24
120.07  3.8463e-24
120.35  3.8437e-24
120.62  3.8412e-24
120.9  3.8386e-24
121.18  3.8361e-24
121.46  3.8335e-24
121.74  3.831e-24
122.02  3.8285e-24
122.3  3.826e-24
122.58  3.8235e-24
122.87  3.821e-24
123.15  3.8185e-24
123.43  3.816e-24
123.72  3.8135e-24
124  3.811e-24
124.29  3.8086e-24
124.58  3.8061e-24
124.86  3.8037e-24
125.15  3.8012e-24
125.44  3.7988e-24
125.73  3.7964e-24
126.02  3.7939e-24
126.31  3.7915e-24
126.6  3.7891e-24
126.89  3.7867e-24
127.19  3.7843e-24
127.48  3.7819e-24
127.77  3.7796e-24
128.07  3.7772e-24
128.36  3.7748e-24
128.66  3.7725e-24
128.96  3.7701e-24
129.25  3.7678e-24
129.55  3.7654e-24
129.85  3.7631e-24
130.15  3.7608e-24
130.45  3.7585e-24
130.75  3.7562e-24
131.05  3.7539e-24
131.35  3.7516e-24
131.66  3.7493e-24
131.96  3.747e-24
132.26  3.7447e-24
132.57  3.7425e-24
132.88  3.7402e-24
133.18  3.738e-24
133.49  3.7357e-24
133.8  3.7335e-24
134.11  3.7312e-24
134.41  3.729e-24
134.72  3.7268e-24
135.04  3.7246e-24
135.35  3.7224e-24
135.66  3.7202e-24
135.97  3.718e-24
136.29  3.7158e-24
136.6  3.7136e-24
136.91  3.7114e-24
137.23  3.7093e-24
137.55  3.7071e-24
137.86  3.705e-24
138.18  3.7028e-24
138.5  3.7007e-24
138.82  3.6985e-24
139.14  3.6964e-24
139.46  3.6943e-24
139.78  3.6922e-24
140.1  3.6901e-24
140.43  3.688e-24
140.75  3.6859e-24
141.08  3.6838e-24
141.4  3.6817e-24
141.73  3.6796e-24
142.05  3.6776e-24
142.38  3.6755e-24
142.71  3.6735e-24
143.04  3.6714e-24
143.37  3.6694e-24
143.7  3.6673e-24
144.03  3.6653e-24
144.36  3.6633e-24
144.7  3.6613e-24
145.03  3.6592e-24
145.36  3.6572e-24
145.7  3.6552e-24
146.04  3.6533e-24
146.37  3.6513e-24
146.71  3.6493e-24
147.05  3.6473e-24
147.39  3.6454e-24
147.73  3.6434e-24
148.07  3.6414e-24
148.41  3.6395e-24
148.75  3.6376e-24
149.09  3.6356e-24
149.44  3.6337e-24
149.78  3.6318e-24
150.13  3.6299e-24
150.47  3.6279e-24
150.82  3.626e-24
151.17  3.6241e-24
151.52  3.6222e-24
151.87  3.6204e-24
152.22  3.6185e-24
152.57  3.6166e-24
152.92  3.6147e-24
153.27  3.6129e-24
153.63  3.611e-24
153.98  3.6092e-24
154.34  3.6073e-24
154.69  3.6055e-24
155.05  3.6037e-24
155.41  3.6019e-24
155.76  3.6e-24
156.12  3.5982e-24
156.48  3.5964e-24
156.84  3.5946e-24
157.21  3.5928e-24
157.57  3.5911e-24
157.93  3.5893e-24
158.3  3.5875e-24
158.66  3.5857e-24
159.03  3.584e-24
159.39  3.5822e-24
159.76  3.5805e-24
160.13  3.5787e-24
160.5  3.577e-24
160.87  3.5753e-24
161.24  3.5735e-24
161.61  3.5718e-24
161.98  3.5701e-24
162.36  3.5684e-24
162.73  3.5667e-24
163.11  3.565e-24
163.48  3.5633e-24
163.86  3.5616e-24
164.24  3.56e-24
164.62  3.5583e-24
165  3.5566e-24
165.38  3.555e-24
165.76  3.5533e-24
166.14  3.5517e-24
166.52  3.55e-24
166.91  3.5484e-24
167.29  3.5468e-24
167.68  3.5452e-24
168.07  3.5436e-24
168.45  3.5419e-24
168.84  3.5403e-24
169.23  3.5388e-24
169.62  3.5372e-24
170.01  3.5356e-24
170.4  3.534e-24
170.8  3.5324e-24
171.19  3.5309e-24
171.59  3.5293e-24
171.98  3.5278e-24
172.38  3.5262e-24
172.78  3.5247e-24
173.17  3.5231e-24
173.57  3.5216e-24
173.97  3.5201e-24
174.37  3.5186e-24
174.78  3.5171e-24
175.18  3.5156e-24
175.58  3.5141e-24
175.99  3.5126e-24
176.39  3.5111e-24
176.8  3.5096e-24
177.21  3.5081e-24
177.62  3.5067e-24
178.03  3.5052e-24
178.44  3.5038e-24
178.85  3.5023e-24
179.26  3.5009e-24
179.68  3.4994e-24
180.09  3.498e-24
180.5  3.4966e-24
180.92  3.4952e-24
181.34  3.4938e-24
181.76  3.4924e-24
182.18  3.491e-24
182.6  3.4896e-24
183.02  3.4882e-24
183.44  3.4868e-24
183.86  3.4854e-24
184.29  3.4841e-24
184.71  3.4827e-24
185.14  3.4813e-24
185.56  3.48e-24
185.99  3.4787e-24
186.42  3.4773e-24
186.85  3.476e-24
187.28  3.4747e-24
187.71  3.4733e-24
188.15  3.472e-24
188.58  3.4707e-24
189.01  3.4694e-24
189.45  3.4681e-24
189.89  3.4669e-24
190.33  3.4656e-24
190.76  3.4643e-24
191.2  3.463e-24
191.65  3.4618e-24
192.09  3.4605e-24
192.53  3.4593e-24
192.97  3.458e-24
193.42  3.4568e-24
193.87  3.4556e-24
194.31  3.4544e-24
194.76  3.4531e-24
195.21  3.4519e-24
195.66  3.4507e-24
196.11  3.4495e-24
196.56  3.4483e-24
197.02  3.4472e-24
197.47  3.446e-24
197.93  3.4448e-24
198.38  3.4436e-24
198.84  3.4425e-24
199.3  3.4413e-24
199.76  3.4402e-24
200.22  3.439e-24
200.68  3.4379e-24
201.14  3.4368e-24
201.61  3.4357e-24
202.07  3.4346e-24
202.54  3.4335e-24
203  3.4324e-24
203.47  3.4313e-24
203.94  3.4302e-24
204.41  3.4291e-24
204.88  3.428e-24
205.36  3.427e-24
205.83  3.4259e-24
206.3  3.4248e-24
206.78  3.4238e-24
207.26  3.4228e-24
207.73  3.4217e-24
208.21  3.4207e-24
208.69  3.4197e-24
209.18  3.4187e-24
209.66  3.4177e-24
210.14  3.4167e-24
210.63  3.4157e-24
211.11  3.4147e-24
211.6  3.4137e-24
212.09  3.4127e-24
212.58  3.4118e-24
213.07  3.4108e-24
213.56  3.4098e-24
214.05  3.4089e-24
214.54  3.408e-24
215.04  3.407e-24
215.53  3.4061e-24
216.03  3.4052e-24
216.53  3.4043e-24
217.03  3.4034e-24
217.53  3.4025e-24
218.03  3.4016e-24
218.53  3.4007e-24
219.04  3.3998e-24
219.54  3.3989e-24
220.05  3.3981e-24
220.56  3.3972e-24
221.06  3.3964e-24
221.57  3.3955e-24
222.08  3.3947e-24
222.6  3.3938e-24
223.11  3.393e-24
223.62  3.3922e-24
224.14  3.3914e-24
224.66  3.3906e-24
225.18  3.3898e-24
225.69  3.389e-24
226.22  3.3882e-24
226.74  3.3875e-24
227.26  3.3867e-24
227.78  3.3859e-24
228.31  3.3852e-24
228.84  3.3844e-24
229.36  3.3837e-24
229.89  3.383e-24
230.42  3.3822e-24
230.95  3.3815e-24
231.49  3.3808e-24
232.02  3.3801e-24
232.56  3.3794e-24
233.09  3.3787e-24
233.63  3.378e-24
234.17  3.3774e-24
234.71  3.3767e-24
235.25  3.376e-24
235.79  3.3754e-24
236.34  3.3747e-24
236.88  3.3741e-24
237.43  3.3735e-24
237.97  3.3729e-24
238.52  3.3722e-24
239.07  3.3716e-24
239.62  3.371e-24
240.18  3.3704e-24
240.73  3.3699e-24
241.29  3.3693e-24
241.84  3.3687e-24
242.4  3.3681e-24
242.96  3.3676e-24
243.52  3.367e-24
244.08  3.3665e-24
244.64  3.366e-24
245.21  3.3654e-24
245.77  3.3649e-24
246.34  3.3644e-24
246.91  3.3639e-24
247.48  3.3634e-24
248.05  3.3629e-24
248.62  3.3624e-24
249.19  3.362e-24
249.77  3.3615e-24
250.34  3.3611e-24
250.92  3.3606e-24
251.5  3.3602e-24
252.08  3.3597e-24
252.66  3.3593e-24
253.24  3.3589e-24
253.83  3.3585e-24
254.41  3.3581e-24
255  3.3577e-24
255.59  3.3573e-24
256.18  3.3569e-24
256.77  3.3565e-24
257.36  3.3562e-24
257.95  3.3558e-24
258.55  3.3555e-24
259.14  3.3551e-24
259.74  3.3548e-24
260.34  3.3545e-24
260.94  3.3542e-24
261.54  3.3539e-24
262.15  3.3536e-24
262.75  3.3533e-24
263.36  3.353e-24
263.96  3.3527e-24
264.57  3.3525e-24
265.18  3.3522e-24
265.79  3.352e-24
266.41  3.3517e-24
267.02  3.3515e-24
267.64  3.3513e-24
268.25  3.351e-24
268.87  3.3508e-24
269.49  3.3506e-24
270.11  3.3504e-24
270.74  3.3503e-24
271.36  3.3501e-24
271.99  3.3499e-24
272.61  3.3498e-24
273.24  3.3496e-24
273.87  3.3495e-24
274.5  3.3493e-24
275.14  3.3492e-24
275.77  3.3491e-24
276.41  3.349e-24
277.05  3.3489e-24
277.68  3.3488e-24
278.32  3.3487e-24
278.97  3.3486e-24
279.61  3.3486e-24
280.25  3.3485e-24
280.9  3.3485e-24
281.55  3.3484e-24
282.2  3.3484e-24
282.85  3.3484e-24
283.5  3.3484e-24
284.15  3.3484e-24
284.81  3.3484e-24
285.47  3.3484e-24
286.13  3.3484e-24
286.78  3.3485e-24
287.45  3.3485e-24
288.11  3.3485e-24
288.77  3.3486e-24
289.44  3.3487e-24
290.11  3.3488e-24
290.78  3.3488e-24
291.45  3.3489e-24
292.12  3.349e-24
292.79  3.3492e-24
293.47  3.3493e-24
294.14  3.3494e-24
294.82  3.3495e-24
295.5  3.3497e-24
296.18  3.3499e-24
296.87  3.35e-24
297.55  3.3502e-24
298.24  3.3504e-24
298.92  3.3506e-24
299.61  3.3508e-24
300.31  3.351e-24
301  3.3512e-24
301.69  3.3515e-24
302.39  3.3517e-24
303.08  3.352e-24
303.78  3.3522e-24
304.48  3.3525e-24
305.19  3.3528e-24
305.89  3.3531e-24
306.6  3.3534e-24
307.3  3.3537e-24
308.01  3.354e-24
308.72  3.3543e-24
309.43  3.3547e-24
310.15  3.355e-24
310.86  3.3554e-24
311.58  3.3557e-24
312.3  3.3561e-24
313.02  3.3565e-24
313.74  3.3569e-24
314.46  3.3573e-24
315.19  3.3577e-24
315.91  3.3581e-24
316.64  3.3586e-24
317.37  3.359e-24
318.11  3.3595e-24
318.84  3.36e-24
319.57  3.3604e-24
320.31  3.3609e-24
321.05  3.3614e-24
321.79  3.3619e-24
322.53  3.3624e-24
323.28  3.363e-24
324.02  3.3635e-24
324.77  3.3641e-24
325.52  3.3646e-24
326.27  3.3652e-24
327.02  3.3658e-24
327.77  3.3663e-24
328.53  3.3669e-24
329.29  3.3676e-24
330.05  3.3682e-24
330.81  3.3688e-24
331.57  3.3694e-24
332.34  3.3701e-24
333.1  3.3708e-24
333.87  3.3714e-24
334.64  3.3721e-24
335.41  3.3728e-24
336.19  3.3735e-24
336.96  3.3742e-24
337.74  3.3749e-24
338.52  3.3757e-24
339.3  3.3764e-24
340.08  3.3772e-24
340.86  3.378e-24
341.65  3.3787e-24
342.44  3.3795e-24
343.23  3.3803e-24
344.02  3.3811e-24
344.81  3.382e-24
345.61  3.3828e-24
346.4  3.3836e-24
347.2  3.3845e-24
348  3.3854e-24
348.81  3.3862e-24
349.61  3.3871e-24
350.42  3.388e-24
351.23  3.3889e-24
352.04  3.3899e-24
352.85  3.3908e-24
353.66  3.3917e-24
354.48  3.3927e-24
355.29  3.3937e-24
356.11  3.3946e-24
356.93  3.3956e-24
357.76  3.3966e-24
358.58  3.3976e-24
359.41  3.3987e-24
360.24  3.3997e-24
361.07  3.4007e-24
361.9  3.4018e-24
362.74  3.4029e-24
363.57  3.4039e-24
364.41  3.405e-24
365.25  3.4061e-24
366.09  3.4073e-24
366.94  3.4084e-24
367.78  3.4095e-24
368.63  3.4107e-24
369.48  3.4118e-24
370.33  3.413e-24
371.19  3.4142e-24
372.04  3.4154e-24
372.9  3.4166e-24
373.76  3.4178e-24
374.62  3.4191e-24
375.49  3.4203e-24
376.35  3.4216e-24
377.22  3.4228e-24
378.09  3.4241e-24
378.96  3.4254e-24
379.84  3.4267e-24
380.71  3.428e-24
381.59  3.4294e-24
382.47  3.4307e-24
383.35  3.4321e-24
384.24  3.4334e-24
385.12  3.4348e-24
386.01  3.4362e-24
386.9  3.4376e-24
387.79  3.439e-24
388.69  3.4405e-24
389.58  3.4419e-24
390.48  3.4434e-24
391.38  3.4448e-24
392.28  3.4463e-24
393.19  3.4478e-24
394.1  3.4493e-24
395  3.4508e-24
395.92  3.4524e-24
396.83  3.4539e-24
397.74  3.4555e-24
398.66  3.457e-24
399.58  3.4586e-24
400.5  3.4602e-24
401.43  3.4618e-24
402.35  3.4635e-24
403.28  3.4651e-24
404.21  3.4667e-24
405.14  3.4684e-24
406.08  3.4701e-24
407.01  3.4718e-24
407.95  3.4735e-24
408.89  3.4752e-24
409.83  3.4769e-24
410.78  3.4786e-24
411.73  3.4804e-24
412.68  3.4822e-24
413.63  3.4839e-24
414.58  3.4857e-24
415.54  3.4875e-24
416.5  3.4894e-24
417.46  3.4912e-24
418.42  3.493e-24
419.38  3.4949e-24
420.35  3.4968e-24
421.32  3.4987e-24
422.29  3.5006e-24
423.27  3.5025e-24
424.24  3.5044e-24
425.22  3.5063e-24
426.2  3.5083e-24
427.18  3.5103e-24
428.17  3.5123e-24
429.16  3.5143e-24
430.15  3.5163e-24
431.14  3.5183e-24
432.13  3.5203e-24
433.13  3.5224e-24
434.13  3.5245e-24
435.13  3.5265e-24
436.13  3.5286e-24
437.14  3.5307e-24
438.14  3.5329e-24
439.16  3.535e-24
440.17  3.5372e-24
441.18  3.5393e-24
442.2  3.5415e-24
443.22  3.5437e-24
444.24  3.5459e-24
445.27  3.5481e-24
446.29  3.5504e-24
447.32  3.5526e-24
448.35  3.5549e-24
449.39  3.5572e-24
450.42  3.5595e-24
451.46  3.5618e-24
452.5  3.5641e-24
453.55  3.5665e-24
454.59  3.5688e-24
455.64  3.5712e-24
456.69  3.5736e-24
457.75  3.576e-24
458.8  3.5784e-24
459.86  3.5809e-24
460.92  3.5833e-24
461.98  3.5858e-24
463.05  3.5882e-24
464.12  3.5907e-24
465.19  3.5933e-24
466.26  3.5958e-24
467.33  3.5983e-24
468.41  3.6009e-24
469.49  3.6035e-24
470.57  3.6061e-24
471.66  3.6087e-24
472.75  3.6113e-24
473.84  3.6139e-24
474.93  3.6166e-24
476.02  3.6193e-24
477.12  3.622e-24
478.22  3.6247e-24
479.33  3.6274e-24
480.43  3.6302e-24
481.54  3.633e-24
482.65  3.6358e-24
483.76  3.6386e-24
484.88  3.6415e-24
486  3.6445e-24
487.12  3.6475e-24
488.24  3.6506e-24
489.37  3.6538e-24
490.49  3.6574e-24
491.63  3.6615e-24
492.76  3.6668e-24
493.9  3.6763e-24
495.03  3.7073e-24
496.18  4.6937e-24
497.32  3.773e-24
498.47  3.6946e-24
499.62  3.6862e-24
500.77  3.6856e-24
501.92  3.6871e-24
503.08  3.6893e-24
504.24  3.6919e-24
505.4  3.6946e-24
506.57  3.6975e-24
507.74  3.7005e-24
508.91  3.7035e-24
510.08  3.7066e-24
511.26  3.7097e-24
512.44  3.7128e-24
513.62  3.7159e-24
514.8  3.7191e-24
515.99  3.7223e-24
517.18  3.7255e-24
518.37  3.7288e-24
519.57  3.732e-24
520.77  3.7353e-24
521.97  3.7386e-24
523.17  3.7419e-24
524.38  3.7452e-24
525.59  3.7486e-24
526.8  3.7519e-24
528.01  3.7553e-24
529.23  3.7587e-24
530.45  3.7622e-24
531.67  3.7656e-24
532.9  3.7691e-24
534.13  3.7725e-24
535.36  3.776e-24
536.6  3.7795e-24
537.83  3.7831e-24
539.07  3.7866e-24
540.32  3.7902e-24
541.56  3.7938e-24
542.81  3.7974e-24
544.06  3.801e-24
545.32  3.8046e-24
546.57  3.8083e-24
547.84  3.8119e-24
549.1  3.8156e-24
550.36  3.8193e-24
551.63  3.823e-24
552.91  3.8268e-24
554.18  3.8305e-24
555.46  3.8343e-24
556.74  3.8381e-24
558.02  3.8419e-24
559.31  3.8458e-24
560.6  3.8496e-24
561.89  3.8535e-24
563.19  3.8574e-24
564.49  3.8613e-24
565.79  3.8652e-24
567.09  3.8691e-24
568.4  3.8731e-24
569.71  3.8771e-24
571.03  3.8811e-24
572.34  3.8851e-24
573.66  3.8891e-24
574.99  3.8932e-24
576.31  3.8972e-24
577.64  3.9013e-24
578.97  3.9054e-24
580.31  3.9096e-24
581.65  3.9137e-24
582.99  3.9179e-24
584.33  3.9221e-24
585.68  3.9263e-24
587.03  3.9305e-24
588.38  3.9347e-24
589.74  3.939e-24
591.1  3.9433e-24
592.46  3.9476e-24
593.83  3.9519e-24
595.2  3.9562e-24
596.57  3.9606e-24
597.95  3.9649e-24
599.33  3.9693e-24
600.71  3.9737e-24
602.09  3.9782e-24
603.48  3.9826e-24
604.87  3.9871e-24
606.27  3.9916e-24
607.67  3.9961e-24
609.07  4.0006e-24
610.47  4.0052e-24
611.88  4.0097e-24
613.29  4.0143e-24
614.7  4.0189e-24
616.12  4.0236e-24
617.54  4.0282e-24
618.97  4.0329e-24
620.39  4.0376e-24
621.83  4.0423e-24
623.26  4.047e-24
624.7  4.0517e-24
626.14  4.0565e-24
627.58  4.0613e-24
629.03  4.0661e-24
630.48  4.0709e-24
631.93  4.0758e-24
633.39  4.0806e-24
634.85  4.0855e-24
636.31  4.0904e-24
637.78  4.0953e-24
639.25  4.1003e-24
640.73  4.1053e-24
642.2  4.1103e-24
643.68  4.1153e-24
645.17  4.1203e-24
646.66  4.1253e-24
648.15  4.1304e-24
649.64  4.1355e-24
651.14  4.1406e-24
652.64  4.1458e-24
654.15  4.1509e-24
655.66  4.1561e-24
657.17  4.1613e-24
658.68  4.1665e-24
660.2  4.1717e-24
661.72  4.177e-24
663.25  4.1823e-24
664.78  4.1876e-24
666.31  4.1929e-24
667.85  4.1982e-24
669.39  4.2036e-24
670.93  4.209e-24
672.48  4.2144e-24
674.03  4.2198e-24
675.59  4.2253e-24
677.14  4.2307e-24
678.7  4.2362e-24
680.27  4.2417e-24
681.84  4.2473e-24
683.41  4.2528e-24
684.99  4.2584e-24
686.57  4.264e-24
688.15  4.2696e-24
689.74  4.2753e-24
691.33  4.2809e-24
692.92  4.2866e-24
694.52  4.2923e-24
696.12  4.2981e-24
697.73  4.3038e-24
699.33  4.3096e-24
700.95  4.3154e-24
702.56  4.3212e-24
704.18  4.3271e-24
705.81  4.3329e-24
707.44  4.3388e-24
709.07  4.3447e-24
710.7  4.3506e-24
712.34  4.3566e-24
713.98  4.3626e-24
715.63  4.3686e-24
717.28  4.3746e-24
718.93  4.3806e-24
720.59  4.3867e-24
722.25  4.3928e-24
723.92  4.3989e-24
725.59  4.405e-24
727.26  4.4112e-24
728.94  4.4173e-24
730.62  4.4235e-24
732.3  4.4298e-24
733.99  4.436e-24
735.69  4.4423e-24
737.38  4.4486e-24
739.08  4.4549e-24
740.79  4.4612e-24
742.5  4.4676e-24
744.21  4.474e-24
745.92  4.4804e-24
747.64  4.4868e-24
749.37  4.4933e-24
751.1  4.4998e-24
752.83  4.5063e-24
754.56  4.5128e-24
756.3  4.5193e-24
758.05  4.5259e-24
759.8  4.5325e-24
761.55  4.5391e-24
763.3  4.5458e-24
765.06  4.5524e-24
766.83  4.5591e-24
768.6  4.5658e-24
770.37  4.5726e-24
772.15  4.5793e-24
773.93  4.5861e-24
775.71  4.5929e-24
777.5  4.5997e-24
779.29  4.6066e-24
781.09  4.6135e-24
782.89  4.6204e-24
784.7  4.6273e-24
786.51  4.6343e-24
788.32  4.6413e-24
790.14  4.6483e-24
791.96  4.6553e-24
793.79  4.6623e-24
795.62  4.6694e-24
797.45  4.6765e-24
799.29  4.6836e-24
801.13  4.6908e-24
802.98  4.698e-24
804.83  4.7052e-24
806.69  4.7124e-24
808.55  4.7196e-24
810.41  4.7269e-24
812.28  4.7342e-24
814.16  4.7415e-24
816.03  4.7489e-24
817.91  4.7562e-24
819.8  4.7636e-24
821.69  4.7711e-24
823.59  4.7785e-24
825.49  4.786e-24
827.39  4.7935e-24
829.3  4.801e-24
831.21  4.8086e-24
833.13  4.8161e-24
835.05  4.8237e-24
836.97  4.8314e-24
838.9  4.839e-24
840.84  4.8467e-24
842.78  4.8544e-24
844.72  4.8621e-24
846.67  4.8699e-24
848.62  4.8776e-24
850.58  4.8855e-24
852.54  4.8933e-24
854.5  4.9011e-24
856.47  4.909e-24
858.45  4.9169e-24
860.43  4.9249e-24
862.41  4.9328e-24
864.4  4.9408e-24
866.4  4.9488e-24
868.39  4.9569e-24
870.4  4.9649e-24
872.4  4.973e-24
874.41  4.9812e-24
876.43  4.9893e-24
878.45  4.9975e-24
880.48  5.0057e-24
882.51  5.0139e-24
884.54  5.0221e-24
886.58  5.0304e-24
888.63  5.0387e-24
890.68  5.0471e-24
892.73  5.0554e-24
894.79  5.0638e-24
896.85  5.0722e-24
898.92  5.0807e-24
900.99  5.0891e-24
903.07  5.0976e-24
905.15  5.1061e-24
907.24  5.1147e-24
909.33  5.1233e-24
911.43  5.1319e-24
913.53  5.1405e-24
915.64  5.1492e-24
917.75  5.1578e-24
919.87  5.1665e-24
921.99  5.1753e-24
924.11  5.1841e-24
926.25  5.1929e-24
928.38  5.2017e-24
930.52  5.2105e-24
932.67  5.2194e-24
934.82  5.2283e-24
936.97  5.2372e-24
939.13  5.2462e-24
941.3  5.2552e-24
943.47  5.2642e-24
945.65  5.2733e-24
947.83  5.2823e-24
950.01  5.2914e-24
952.2  5.3006e-24
954.4  5.3097e-24
956.6  5.3189e-24
958.81  5.3281e-24
961.02  5.3374e-24
963.23  5.3467e-24
965.45  5.356e-24
967.68  5.3653e-24
969.91  5.3747e-24
972.15  5.3841e-24
974.39  5.3935e-24
976.64  5.4029e-24
978.89  5.4124e-24
981.15  5.4219e-24
983.41  5.4315e-24
985.68  5.4411e-24
987.95  5.4508e-24
990.23  5.4612e-24
992.51  5.5229e-24
994.8  5.4813e-24
997.1  5.4896e-24
999.39  5.4991e-24
1001.7  5.5088e-24
1004  5.5186e-24
1006.3  5.5284e-24
1008.6  5.5382e-24
1011  5.5481e-24
1013.3  5.558e-24
1015.6  5.568e-24
1018  5.5779e-24
1020.3  5.5879e-24
1022.7  5.598e-24
1025  5.608e-24
1027.4  5.6181e-24
1029.8  5.6283e-24
1032.1  5.6384e-24
1034.5  5.6486e-24
1036.9  5.6588e-24
1039.3  5.6691e-24
1041.7  5.6793e-24
1044.1  5.6896e-24
1046.5  5.7e-24
1048.9  5.7103e-24
1051.3  5.7207e-24
1053.8  5.7312e-24
1056.2  5.7416e-24
1058.6  5.7521e-24
1061.1  5.7626e-24
1063.5  5.7732e-24
1066  5.7838e-24
1068.4  5.7944e-24
1070.9  5.805e-24
1073.4  5.8157e-24
1075.8  5.8264e-24
1078.3  5.8372e-24
1080.8  5.8479e-24
1083.3  5.8587e-24
1085.8  5.8696e-24
1088.3  5.8805e-24
1090.8  5.8913e-24
1093.3  5.9023e-24
1095.8  5.9132e-24
1098.4  5.9242e-24
1100.9  5.9353e-24
1103.4  5.9463e-24
1106  5.9574e-24
1108.5  5.9685e-24
1111.1  5.9797e-24
1113.7  5.9909e-24
1116.2  6.0021e-24
1118.8  6.0133e-24
1121.4  6.0246e-24
1124  6.0359e-24
1126.6  6.0473e-24
1129.2  6.0586e-24
1131.8  6.0701e-24
1134.4  6.0815e-24
1137  6.093e-24
1139.6  6.1045e-24
1142.2  6.116e-24
1144.9  6.1276e-24
1147.5  6.1392e-24
1150.2  6.1509e-24
1152.8  6.1625e-24
1155.5  6.1742e-24
1158.1  6.186e-24
1160.8  6.1978e-24
1163.5  6.2096e-24
1166.2  6.2214e-24
1168.9  6.2333e-24
1171.5  6.2452e-24
1174.2  6.2571e-24
1177  6.2691e-24
1179.7  6.2811e-24
1182.4  6.2932e-24
1185.1  6.3052e-24
1187.9  6.3173e-24
1190.6  6.3295e-24
1193.3  6.3417e-24
1196.1  6.3539e-24
1198.8  6.3661e-24
1201.6  6.3784e-24
1204.4  6.3907e-24
1207.2  6.4031e-24
1209.9  6.4155e-24
1212.7  6.4279e-24
1215.5  6.4403e-24
1218.3  6.4528e-24
1221.1  6.4653e-24
1224  6.4779e-24
1226.8  6.4905e-24
1229.6  6.5031e-24
1232.4  6.5158e-24
1235.3  6.5285e-24
1238.1  6.5412e-24
1241  6.554e-24
1243.9  6.5668e-24
1246.7  6.5796e-24
1249.6  6.5925e-24
1252.5  6.6054e-24
1255.4  6.6184e-24
1258.3  6.6313e-24
1261.2  6.6444e-24
1264.1  6.6574e-24
1267  6.6705e-24
1269.9  6.6836e-24
1272.8  6.6968e-24
1275.8  6.71e-24
1278.7  6.7232e-24
1281.7  6.7365e-24
1284.6  6.7498e-24
1287.6  6.7631e-24
1290.5  6.7765e-24
1293.5  6.7899e-24
1296.5  6.8034e-24
1299.5  6.8168e-24
1302.5  6.8304e-24
1305.5  6.8439e-24
1308.5  6.8575e-24
1311.5  6.8712e-24
1314.5  6.8848e-24
1317.6  6.8985e-24
1320.6  6.9123e-24
1323.7  6.9261e-24
1326.7  6.9399e-24
1329.8  6.9537e-24
1332.8  6.9676e-24
1335.9  6.9816e-24
1339  6.9955e-24
1342.1  7.0096e-24
1345.2  7.0236e-24
1348.3  7.0377e-24
1351.4  7.0518e-24
1354.5  7.066e-24
1357.6  7.0802e-24
1360.8  7.0944e-24
1363.9  7.1087e-24
1367  7.123e-24
1370.2  7.1373e-24
1373.4  7.1517e-24
1376.5  7.1661e-24
1379.7  7.1806e-24
1382.9  7.1951e-24
1386.1  7.2096e-24
1389.3  7.2242e-24
1392.5  7.2388e-24
1395.7  7.2535e-24
1398.9  7.2682e-24
1402.1  7.2829e-24
1405.4  7.2977e-24
1408.6  7.3125e-24
1411.8  7.3274e-24
1415.1  7.3423e-24
1418.4  7.3572e-24
1421.6  7.3722e-24
1424.9  7.3872e-24
1428.2  7.4022e-24
1431.5  7.4173e-24
1434.8  7.4325e-24
1438.1  7.4476e-24
1441.4  7.4629e-24
1444.7  7.4781e-24
1448.1  7.4934e-24
1451.4  7.5087e-24
1454.8  7.5241e-24
1458.1  7.5395e-24
1461.5  7.555e-24
1464.8  7.5705e-24
1468.2  7.586e-24
1471.6  7.6016e-24
1475  7.6172e-24
1478.4  7.6329e-24
1481.8  7.6486e-24
1485.2  7.6644e-24
1488.7  7.6837e-24
1492.1  7.6961e-24
1495.5  7.7118e-24
1499  7.7277e-24
1502.4  7.7436e-24
1505.9  7.7596e-24
1509.4  7.7756e-24
1512.9  7.7917e-24
1516.3  7.8078e-24
1519.8  7.824e-24
1523.3  7.8402e-24
1526.9  7.8564e-24
1530.4  7.8727e-24
1533.9  7.889e-24
1537.4  7.9054e-24
1541  7.9218e-24
1544.5  7.9382e-24
1548.1  7.9547e-24
1551.7  7.9713e-24
1555.3  7.9879e-24
1558.8  8.0045e-24
1562.4  8.0211e-24
1566  8.0378e-24
1569.6  8.0546e-24
1573.3  8.0714e-24
1576.9  8.0882e-24
1580.5  8.1051e-24
1584.2  8.122e-24
1587.8  8.139e-24
1591.5  8.156e-24
1595.2  8.1731e-24
1598.8  8.1902e-24
1602.5  8.2073e-24
1606.2  8.2245e-24
1609.9  8.2418e-24
1613.6  8.259e-24
1617.4  8.2763e-24
1621.1  8.2937e-24
1624.8  8.3111e-24
1628.6  8.3286e-24
1632.3  8.3461e-24
1636.1  8.3636e-24
1639.9  8.3812e-24
1643.6  8.3989e-24
1647.4  8.4165e-24
1651.2  8.4343e-24
1655  8.452e-24
1658.9  8.4698e-24
1662.7  8.4877e-24
1666.5  8.5056e-24
1670.4  8.5236e-24
1674.2  8.5416e-24
1678.1  8.5596e-24
1681.9  8.5777e-24
1685.8  8.5958e-24
1689.7  8.614e-24
1693.6  8.6322e-24
1697.5  8.6505e-24
1701.4  8.6688e-24
1705.4  8.6872e-24
1709.3  8.7056e-24
1713.2  8.7241e-24
1717.2  8.7426e-24
1721.1  8.7611e-24
1725.1  8.7797e-24
1729.1  8.7984e-24
1733.1  8.8171e-24
1737.1  8.8358e-24
1741.1  8.8546e-24
1745.1  8.8735e-24
1749.1  8.8923e-24
1753.1  8.9113e-24
1757.2  8.9303e-24
1761.2  8.9493e-24
1765.3  8.9684e-24
1769.4  8.9875e-24
1773.5  9.0067e-24
1777.5  9.0259e-24
1781.6  9.0452e-24
1785.8  9.0645e-24
1789.9  9.0838e-24
1794  9.1033e-24
1798.1  9.1227e-24
1802.3  9.1422e-24
1806.4  9.1618e-24
1810.6  9.1814e-24
1814.8  9.2011e-24
1819  9.2208e-24
1823.2  9.2405e-24
1827.4  9.2603e-24
1831.6  9.2802e-24
1835.8  9.3001e-24
1840  9.3201e-24
1844.3  9.3401e-24
1848.5  9.3601e-24
1852.8  9.3803e-24
1857.1  9.4004e-24
1861.3  9.4206e-24
1865.6  9.4409e-24
1869.9  9.4612e-24
1874.3  9.4816e-24
1878.6  9.502e-24
1882.9  9.5224e-24
1887.2  9.5429e-24
1891.6  9.5635e-24
1896  9.5841e-24
1900.3  9.6048e-24
1904.7  9.6255e-24
1909.1  9.6463e-24
1913.5  9.6671e-24
1917.9  9.688e-24
1922.3  9.7089e-24
1926.8  9.7299e-24
1931.2  9.7509e-24
1935.7  9.772e-24
1940.1  9.7931e-24
1944.6  9.8143e-24
1949.1  9.8356e-24
1953.6  9.8569e-24
1958.1  9.8782e-24
1962.6  9.8996e-24
1967.1  9.9211e-24
1971.7  9.9426e-24
1976.2  9.9641e-24
1980.8  9.9857e-24
1985.3  1.0011e-23
1989.9  1.0029e-23
1994.5  1.0051e-23
1999.1  1.0073e-23
2003.7  1.0095e-23
2008.3  1.0117e-23
2013  1.0139e-23
2017.6  1.0161e-23
2022.3  1.0183e-23
2026.9  1.0205e-23
2031.6  1.0227e-23
2036.3  1.0249e-23
2041  1.0272e-23
2045.7  1.0294e-23
2050.4  1.0316e-23
2055.1  1.0339e-23
2059.9  1.0361e-23
2064.6  1.0384e-23
2069.4  1.0407e-23
2074.2  1.0429e-23
2078.9  1.0452e-23
2083.7  1.0475e-23
2088.5  1.0498e-23
2093.4  1.0521e-23
2098.2  1.0544e-23
2103  1.0567e-23
2107.9  1.059e-23
2112.7  1.0613e-23
2117.6  1.0636e-23
2122.5  1.0659e-23
2127.4  1.0683e-23
2132.3  1.0706e-23
2137.2  1.073e-23
2142.1  1.0753e-23
2147.1  1.0777e-23
2152  1.08e-23
2157  1.0824e-23
2162  1.0848e-23
2167  1.0871e-23
2171.9  1.0895e-23
2177  1.0919e-23
2182  1.0943e-23
2187  1.0967e-23
2192.1  1.0991e-23
2197.1  1.1015e-23
2202.2  1.104e-23
2207.3  1.1064e-23
2212.3  1.1088e-23
2217.4  1.1113e-23
2222.6  1.1137e-23
2227.7  1.1161e-23
2232.8  1.1186e-23
2238  1.1211e-23
2243.1  1.1235e-23
2248.3  1.126e-23
2253.5  1.1285e-23
2258.7  1.131e-23
2263.9  1.1335e-23
2269.1  1.136e-23
2274.3  1.1385e-23
2279.6  1.141e-23
2284.8  1.1435e-23
2290.1  1.146e-23
2295.4  1.1485e-23
2300.7  1.1511e-23
2306  1.1536e-23
2311.3  1.1562e-23
2316.6  1.1587e-23
2322  1.1613e-23
2327.3  1.1638e-23
2332.7  1.1664e-23
2338.1  1.169e-23
2343.5  1.1716e-23
2348.9  1.1742e-23
2354.3  1.1768e-23
2359.7  1.1794e-23
2365.2  1.182e-23
2370.6  1.1846e-23
2376.1  1.1872e-23
2381.6  1.1898e-23
2387.1  1.1925e-23
2392.6  1.1951e-23
2398.1  1.1978e-23
2403.6  1.2004e-23
2409.2  1.2031e-23
2414.7  1.2057e-23
2420.3  1.2084e-23
2425.9  1.2111e-23
2431.5  1.2138e-23
2437.1  1.2165e-23
2442.7  1.2192e-23
2448.3  1.2219e-23
2454  1.2246e-23
2459.6  1.2273e-23
2465.3  1.23e-23
2471  1.2328e-23
2476.7  1.2355e-23
2482.4  1.2384e-23
2488.1  1.241e-23
2493.8  1.2437e-23
2499.6  1.2465e-23
2505.4  1.2493e-23
2511.1  1.2521e-23
2516.9  1.2548e-23
2522.7  1.2576e-23
2528.5  1.2604e-23
2534.4  1.2632e-23
2540.2  1.2661e-23
2546.1  1.2689e-23
2552  1.2717e-23
2557.8  1.2745e-23
2563.7  1.2774e-23
2569.6  1.2802e-23
2575.6  1.2831e-23
2581.5  1.2859e-23
2587.5  1.2888e-23
2593.4  1.2917e-23
2599.4  1.2945e-23
2605.4  1.2974e-23
2611.4  1.3003e-23
2617.4  1.3032e-23
2623.5  1.3061e-23
2629.5  1.309e-23
2635.6  1.312e-23
2641.7  1.3149e-23
2647.8  1.3178e-23
2653.9  1.3208e-23
2660  1.3237e-23
2666.1  1.3267e-23
2672.3  1.3296e-23
2678.4  1.3326e-23
2684.6  1.3356e-23
2690.8  1.3386e-23
2697  1.3416e-23
2703.2  1.3446e-23
2709.5  1.3476e-23
2715.7  1.3506e-23
2722  1.3536e-23
2728.2  1.3566e-23
2734.5  1.3597e-23
2740.8  1.3627e-23
2747.2  1.3658e-23
2753.5  1.3688e-23
2759.8  1.3719e-23
2766.2  1.375e-23
2772.6  1.3781e-23
2779  1.3811e-23
2785.4  1.3842e-23
2791.8  1.3873e-23
2798.2  1.3904e-23
2804.7  1.3936e-23
2811.2  1.3967e-23
2817.6  1.3998e-23
2824.1  1.403e-23
2830.7  1.4061e-23
2837.2  1.4093e-23
2843.7  1.4124e-23
2850.3  1.4156e-23
2856.9  1.4188e-23
2863.4  1.422e-23
2870.1  1.4251e-23
2876.7  1.4283e-23
2883.3  1.4316e-23
2890  1.4348e-23
2896.6  1.438e-23
2903.3  1.4412e-23
2910  1.4445e-23
2916.7  1.4477e-23
2923.4  1.451e-23
2930.2  1.4542e-23
2936.9  1.4575e-23
2943.7  1.4608e-23
2950.5  1.4641e-23
2957.3  1.4673e-23
2964.1  1.4706e-23
2970.9  1.474e-23
2977.8  1.4773e-23
2984.7  1.4806e-23
2991.5  1.4839e-23
2998.4  1.4873e-23
3005.4  1.4906e-23
3012.3  1.494e-23
3019.2  1.4973e-23
3026.2  1.5007e-23
3033.2  1.5041e-23
3040.2  1.5075e-23
3047.2  1.5109e-23
3054.2  1.5143e-23
3061.3  1.5177e-23
3068.3  1.5211e-23
3075.4  1.5245e-23
3082.5  1.528e-23
3089.6  1.5314e-23
3096.7  1.5349e-23
3103.9  1.5383e-23
3111  1.5418e-23
3118.2  1.5453e-23
3125.4  1.5488e-23
3132.6  1.5523e-23
3139.8  1.5558e-23
3147  1.5593e-23
3154.3  1.5628e-23
3161.6  1.5663e-23
3168.9  1.5699e-23
3176.2  1.5734e-23
3183.5  1.577e-23
3190.8  1.5805e-23
3198.2  1.5841e-23
3205.6  1.5877e-23
3213  1.5913e-23
3220.4  1.5949e-23
3227.8  1.5985e-23
3235.2  1.6021e-23
3242.7  1.6057e-23
3250.2  1.6093e-23
3257.7  1.613e-23
3265.2  1.6166e-23
3272.7  1.6203e-23
3280.3  1.6239e-23
3287.8  1.6276e-23
3295.4  1.6313e-23
3303  1.635e-23
3310.6  1.6387e-23
3318.3  1.6424e-23
3325.9  1.6461e-23
3333.6  1.6498e-23
3341.3  1.6536e-23
3349  1.6573e-23
3356.7  1.6611e-23
3364.4  1.6648e-23
3372.2  1.6686e-23
3380  1.6724e-23
3387.8  1.6762e-23
3395.6  1.6799e-23
3403.4  1.6838e-23
3411.3  1.6876e-23
3419.1  1.6914e-23
3427  1.6952e-23
3434.9  1.6991e-23
3442.8  1.7029e-23
3450.8  1.7068e-23
3458.7  1.7106e-23
3466.7  1.7145e-23
3474.7  1.7225e-23
3482.7  1.7223e-23
3490.7  1.7262e-23
3498.8  1.7301e-23
3506.9  1.7341e-23
3514.9  1.738e-23
3523.1  1.7419e-23
3531.2  1.7459e-23
3539.3  1.7499e-23
3547.5  1.7538e-23
3555.7  1.7578e-23
3563.9  1.7618e-23
3572.1  1.7658e-23
3580.3  1.7698e-23
3588.6  1.7738e-23
3596.8  1.7778e-23
3605.1  1.7819e-23
3613.5  1.7859e-23
3621.8  1.79e-23
3630.1  1.7941e-23
3638.5  1.7981e-23
3646.9  1.8022e-23
3655.3  1.8063e-23
3663.7  1.8104e-23
3672.2  1.8145e-23
3680.7  1.8187e-23
3689.1  1.8228e-23
3697.7  1.8269e-23
3706.2  1.8311e-23
3714.7  1.8353e-23
3723.3  1.8394e-23
3731.9  1.8436e-23
3740.5  1.8478e-23
3749.1  1.852e-23
3757.8  1.8562e-23
3766.4  1.8604e-23
3775.1  1.8647e-23
3783.8  1.8689e-23
3792.5  1.8732e-23
3801.3  1.8774e-23
3810  1.8817e-23
3818.8  1.886e-23
3827.6  1.8903e-23
3836.5  1.8946e-23
3845.3  1.8989e-23
3854.2  1.9032e-23
3863.1  1.9076e-23
3872  1.9119e-23
3880.9  1.9163e-23
3889.9  1.9206e-23
3898.8  1.925e-23
3907.8  1.9294e-23
3916.8  1.9338e-23
3925.9  1.9382e-23
3934.9  1.9426e-23
3944  1.947e-23
3953.1  1.9515e-23
3962.2  1.9559e-23
3971.3  1.9604e-23
3980.5  1.9648e-23
3989.7  1.9693e-23
3998.9  1.9738e-23
4008.1  1.9783e-23
4017.3  1.9828e-23
4026.6  1.9873e-23
4035.9  1.9919e-23
4045.2  1.9964e-23
4054.5  2.001e-23
4063.9  2.0055e-23
4073.2  2.0101e-23
4082.6  2.0147e-23
4092.1  2.0193e-23
4101.5  2.0239e-23
4110.9  2.0285e-23
4120.4  2.0332e-23
4129.9  2.0378e-23
4139.5  2.0424e-23
4149  2.0471e-23
4158.6  2.0518e-23
4168.2  2.0565e-23
4177.8  2.0612e-23
4187.4  2.0659e-23
4197.1  2.0706e-23
4206.7  2.0753e-23
4216.4  2.0801e-23
4226.2  2.0848e-23
4235.9  2.0896e-23
4245.7  2.0943e-23
4255.5  2.0991e-23
4265.3  2.1039e-23
4275.1  2.1087e-23
4285  2.1136e-23
4294.8  2.1184e-23
4304.8  2.1232e-23
4314.7  2.1281e-23
4324.6  2.1329e-23
4334.6  2.1378e-23
4344.6  2.1427e-23
4354.6  2.1476e-23
4364.7  2.1525e-23
4374.7  2.1574e-23
4384.8  2.1624e-23
4394.9  2.1673e-23
4405.1  2.1723e-23
4415.2  2.1772e-23
4425.4  2.1822e-23
4435.6  2.1872e-23
4445.8  2.1922e-23
4456.1  2.1972e-23
4466.4  2.2023e-23
4476.7  2.2073e-23
4487  2.2124e-23
4497.3  2.2174e-23
4507.7  2.2225e-23
4518.1  2.2276e-23
4528.5  2.2327e-23
4539  2.2378e-23
4549.4  2.2429e-23
4559.9  2.248e-23
4570.4  2.2532e-23
4581  2.2584e-23
4591.5  2.2635e-23
4602.1  2.2687e-23
4612.7  2.2739e-23
4623.4  2.2791e-23
4634  2.2843e-23
4644.7  2.2896e-23
4655.4  2.2948e-23
4666.2  2.3001e-23
4676.9  2.3053e-23
4687.7  2.3106e-23
4698.5  2.3159e-23
4709.4  2.3212e-23
4720.2  2.3265e-23
4731.1  2.3319e-23
4742  2.3372e-23
4752.9  2.3426e-23
4763.9  2.3479e-23
4774.9  2.3533e-23
4785.9  2.3587e-23
4796.9  2.3641e-23
4808  2.3695e-23
4819.1  2.375e-23
4830.2  2.3804e-23
4841.3  2.3859e-23
4852.5  2.3914e-23
4863.7  2.3968e-23
4874.9  2.4023e-23
4886.1  2.4079e-23
4897.4  2.4134e-23
4908.7  2.4189e-23
4920  2.4245e-23
4931.4  2.43e-23
4942.7  2.4356e-23
4954.1  2.4412e-23
4965.6  2.4468e-23
4977  2.4524e-23
4988.5  2.458e-23
5000  2.4637e-23
