# Cosmic Explorer noise curve
# Ref: https://dcc.ligo.org/LIGO-P1600143/public
# f [Hz], sqrt(S_n) [1 / sqrt(Hz)]
5.0000000e+00  1.1679839e-22
5.0115300e+00  1.1355242e-22
5.0230867e+00  1.1040671e-22
5.0346699e+00  1.0735774e-22
5.0462799e+00  1.0440210e-22
5.0579167e+00  1.0153656e-22
5.0695803e+00  9.8757988e-23
5.0812708e+00  9.6063406e-23
5.0929882e+00  9.3449936e-23
5.1047327e+00  9.0914819e-23
5.1165042e+00  8.8455404e-23
5.1283029e+00  8.6069144e-23
5.1401288e+00  8.3753592e-23
5.1519820e+00  8.1506393e-23
5.1638625e+00  7.9325283e-23
5.1757704e+00  7.7208085e-23
5.1877058e+00  7.5152703e-23
5.1996687e+00  7.3157122e-23
5.2116592e+00  7.1219398e-23
5.2236773e+00  6.9337663e-23
5.2357231e+00  6.7510116e-23
5.2477968e+00  6.5735023e-23
5.2598982e+00  6.4010713e-23
5.2720276e+00  6.2335574e-23
5.2841849e+00  6.0708054e-23
5.2963703e+00  5.9126655e-23
5.3085838e+00  5.7589935e-23
5.3208254e+00  5.6096500e-23
5.3330953e+00  5.4645006e-23
5.3453934e+00  5.3234158e-23
5.3577199e+00  5.1862703e-23
5.3700749e+00  5.0529434e-23
5.3824583e+00  4.9233184e-23
5.3948703e+00  4.7972827e-23
5.4073109e+00  4.6747276e-23
5.4197802e+00  4.5555478e-23
5.4322783e+00  4.4396420e-23
5.4448051e+00  4.3269120e-23
5.4573609e+00  4.2172629e-23
5.4699456e+00  4.1106031e-23
5.4825594e+00  4.0068439e-23
5.4952022e+00  3.9058997e-23
5.5078742e+00  3.8076876e-23
5.5205754e+00  3.7121273e-23
5.5333058e+00  3.6191413e-23
5.5460657e+00  3.5286546e-23
5.5588550e+00  3.4405946e-23
5.5716737e+00  3.3548909e-23
5.5845220e+00  3.2714756e-23
5.5974000e+00  3.1902828e-23
5.6103076e+00  3.1112486e-23
5.6232451e+00  3.0343114e-23
5.6362123e+00  2.9594114e-23
5.6492094e+00  2.8864905e-23
5.6622366e+00  2.8154928e-23
5.6752937e+00  2.7463638e-23
5.6883810e+00  2.6790509e-23
5.7014985e+00  2.6135029e-23
5.7146461e+00  2.5496705e-23
5.7278242e+00  2.4875057e-23
5.7410326e+00  2.4269620e-23
5.7542714e+00  2.3679942e-23
5.7675408e+00  2.3105588e-23
5.7808408e+00  2.2546133e-23
5.7941715e+00  2.2001166e-23
5.8075329e+00  2.1470289e-23
5.8209251e+00  2.0953115e-23
5.8343482e+00  2.0449269e-23
5.8478023e+00  1.9958386e-23
5.8612873e+00  1.9480114e-23
5.8748035e+00  1.9014110e-23
5.8883508e+00  1.8560042e-23
5.9019294e+00  1.8117586e-23
5.9155393e+00  1.7686429e-23
5.9291806e+00  1.7266267e-23
5.9428533e+00  1.6856805e-23
5.9565576e+00  1.6457756e-23
5.9702935e+00  1.6068842e-23
5.9840610e+00  1.5689792e-23
5.9978603e+00  1.5320344e-23
6.0116914e+00  1.4960242e-23
6.0255544e+00  1.4609240e-23
6.0394494e+00  1.4267095e-23
6.0533764e+00  1.3933576e-23
6.0673355e+00  1.3608454e-23
6.0813269e+00  1.3291509e-23
6.0953505e+00  1.2982526e-23
6.1094064e+00  1.2681298e-23
6.1234947e+00  1.2387621e-23
6.1376155e+00  1.2101299e-23
6.1517689e+00  1.1822141e-23
6.1659550e+00  1.1549960e-23
6.1801737e+00  1.1284576e-23
6.1944252e+00  1.1025813e-23
6.2087096e+00  1.0773500e-23
6.2230269e+00  1.0527471e-23
6.2373773e+00  1.0287565e-23
6.2517607e+00  1.0053624e-23
6.2661773e+00  9.8254957e-24
6.2806272e+00  9.6030316e-24
6.2951104e+00  9.3860870e-24
6.3096269e+00  9.1745213e-24
6.3241770e+00  8.9681979e-24
6.3387606e+00  8.7669836e-24
6.3533778e+00  8.5707491e-24
6.3680288e+00  8.3793684e-24
6.3827135e+00  8.1927191e-24
6.3974321e+00  8.0106818e-24
6.4121846e+00  7.8331405e-24
6.4269711e+00  7.6599824e-24
6.4417918e+00  7.4910976e-24
6.4566466e+00  7.3263790e-24
6.4715357e+00  7.1657226e-24
6.4864591e+00  7.0090271e-24
6.5014169e+00  6.8561937e-24
6.5164092e+00  6.7071265e-24
6.5314361e+00  6.5617318e-24
6.5464977e+00  6.4199187e-24
6.5615939e+00  6.2815985e-24
6.5767250e+00  6.1466848e-24
6.5918910e+00  6.0150936e-24
6.6070920e+00  5.8867430e-24
6.6223280e+00  5.7615531e-24
6.6375991e+00  5.6394464e-24
6.6529055e+00  5.5203471e-24
6.6682471e+00  5.4041814e-24
6.6836241e+00  5.2908777e-24
6.6990366e+00  5.1803658e-24
6.7144846e+00  5.0725775e-24
6.7299683e+00  4.9674465e-24
6.7454877e+00  4.8649079e-24
6.7610428e+00  4.7648987e-24
6.7766338e+00  4.6673573e-24
6.7922608e+00  4.5722237e-24
6.8079238e+00  4.4794394e-24
6.8236229e+00  4.3889476e-24
6.8393582e+00  4.3006925e-24
6.8551299e+00  4.2146201e-24
6.8709378e+00  4.1306774e-24
6.8867823e+00  4.0488130e-24
6.9026632e+00  3.9689765e-24
6.9185808e+00  3.8911191e-24
6.9345351e+00  3.8151927e-24
6.9505262e+00  3.7411509e-24
6.9665542e+00  3.6689480e-24
6.9826191e+00  3.5985396e-24
6.9987211e+00  3.5298825e-24
7.0148602e+00  3.4629342e-24
7.0310365e+00  3.3976535e-24
7.0472502e+00  3.3340001e-24
7.0635012e+00  3.2719346e-24
7.0797897e+00  3.2114186e-24
7.0961157e+00  3.1524147e-24
7.1124794e+00  3.0948861e-24
7.1288808e+00  3.0387972e-24
7.1453201e+00  2.9841128e-24
7.1617972e+00  2.9307991e-24
7.1783124e+00  2.8788224e-24
7.1948656e+00  2.8281504e-24
7.2114571e+00  2.7787512e-24
7.2280867e+00  2.7305936e-24
7.2447548e+00  2.6836473e-24
7.2614612e+00  2.6378825e-24
7.2782062e+00  2.5932702e-24
7.2949898e+00  2.5497821e-24
7.3118121e+00  2.5073903e-24
7.3286732e+00  2.4660678e-24
7.3455732e+00  2.4257880e-24
7.3625121e+00  2.3865250e-24
7.3794901e+00  2.3482533e-24
7.3965073e+00  2.3109483e-24
7.4135637e+00  2.2745856e-24
7.4306594e+00  2.2391415e-24
7.4477946e+00  2.2045928e-24
7.4649693e+00  2.1709168e-24
7.4821835e+00  2.1380914e-24
7.4994375e+00  2.1060947e-24
7.5167313e+00  2.0749055e-24
7.5340649e+00  2.0445031e-24
7.5514385e+00  2.0148672e-24
7.5688522e+00  1.9859778e-24
7.5863060e+00  1.9578155e-24
7.6038001e+00  1.9303613e-24
7.6213345e+00  1.9035965e-24
7.6389094e+00  1.8775031e-24
7.6565248e+00  1.8520631e-24
7.6741808e+00  1.8272591e-24
7.6918775e+00  1.8030743e-24
7.7096150e+00  1.7794918e-24
7.7273934e+00  1.7564955e-24
7.7452129e+00  1.7340694e-24
7.7630734e+00  1.7121980e-24
7.7809751e+00  1.6908660e-24
7.7989181e+00  1.6700587e-24
7.8169025e+00  1.6497615e-24
7.8349283e+00  1.6299602e-24
7.8529957e+00  1.6106409e-24
7.8711048e+00  1.5917901e-24
7.8892556e+00  1.5733946e-24
7.9074483e+00  1.5554415e-24
7.9256829e+00  1.5379182e-24
7.9439596e+00  1.5208123e-24
7.9622784e+00  1.5041119e-24
7.9806395e+00  1.4878052e-24
7.9990429e+00  1.4718808e-24
8.0174888e+00  1.4563275e-24
8.0359772e+00  1.4411344e-24
8.0545082e+00  1.4262910e-24
8.0730819e+00  1.4117868e-24
8.0916985e+00  1.3976118e-24
8.1103581e+00  1.3837562e-24
8.1290606e+00  1.3702104e-24
8.1478063e+00  1.3569650e-24
8.1665952e+00  1.3440110e-24
8.1854274e+00  1.3313395e-24
8.2043031e+00  1.3189418e-24
8.2232223e+00  1.3068097e-24
8.2421851e+00  1.2949349e-24
8.2611916e+00  1.2833096e-24
8.2802420e+00  1.2719259e-24
8.2993363e+00  1.2607763e-24
8.3184746e+00  1.2498536e-24
8.3376571e+00  1.2391507e-24
8.3568838e+00  1.2286606e-24
8.3761548e+00  1.2183766e-24
8.3954703e+00  1.2082923e-24
8.4148303e+00  1.1984012e-24
8.4342350e+00  1.1886973e-24
8.4536844e+00  1.1791745e-24
8.4731786e+00  1.1698272e-24
8.4927179e+00  1.1606495e-24
8.5123021e+00  1.1516362e-24
8.5319316e+00  1.1427818e-24
8.5516063e+00  1.1340813e-24
8.5713263e+00  1.1255296e-24
8.5910919e+00  1.1171220e-24
8.6109030e+00  1.1088537e-24
8.6307598e+00  1.1007202e-24
8.6506624e+00  1.0927172e-24
8.6706109e+00  1.0848402e-24
8.6906054e+00  1.0770853e-24
8.7106460e+00  1.0694484e-24
8.7307328e+00  1.0619256e-24
8.7508660e+00  1.0545132e-24
8.7710455e+00  1.0472076e-24
8.7912716e+00  1.0400051e-24
8.8115444e+00  1.0329025e-24
8.8318638e+00  1.0258965e-24
8.8522302e+00  1.0189838e-24
8.8726435e+00  1.0121614e-24
8.8931039e+00  1.0054262e-24
8.9136114e+00  9.9877551e-25
8.9341663e+00  9.9220643e-25
8.9547686e+00  9.8571630e-25
8.9754183e+00  9.7930251e-25
8.9961157e+00  9.7296258e-25
9.0168608e+00  9.6669405e-25
9.0376538e+00  9.6049461e-25
9.0584947e+00  9.5436199e-25
9.0793836e+00  9.4829401e-25
9.1003208e+00  9.4228857e-25
9.1213062e+00  9.3634365e-25
9.1423400e+00  9.3045728e-25
9.1634223e+00  9.2462758e-25
9.1845532e+00  9.1885274e-25
9.2057328e+00  9.1313101e-25
9.2269613e+00  9.0746071e-25
9.2482388e+00  9.0184021e-25
9.2695653e+00  8.9626795e-25
9.2909410e+00  8.9074243e-25
9.3123660e+00  8.8526222e-25
9.3338403e+00  8.7982591e-25
9.3553642e+00  8.7443219e-25
9.3769378e+00  8.6907977e-25
9.3985611e+00  8.6376743e-25
9.4202342e+00  8.5849398e-25
9.4419574e+00  8.5325830e-25
9.4637306e+00  8.4805931e-25
9.4855540e+00  8.4289598e-25
9.5074278e+00  8.3776731e-25
9.5293520e+00  8.3267236e-25
9.5513267e+00  8.2761022e-25
9.5733522e+00  8.2258004e-25
9.5954284e+00  8.1758099e-25
9.6175555e+00  8.1261229e-25
9.6397337e+00  8.0767318e-25
9.6619630e+00  8.0276297e-25
9.6842435e+00  7.9788099e-25
9.7065755e+00  7.9302658e-25
9.7289589e+00  7.8819915e-25
9.7513940e+00  7.8339813e-25
9.7738808e+00  7.7862298e-25
9.7964194e+00  7.7387319e-25
9.8190100e+00  7.6914828e-25
9.8416527e+00  7.6444780e-25
9.8643477e+00  7.5977133e-25
9.8870949e+00  7.5511849e-25
9.9098946e+00  7.5048889e-25
9.9327469e+00  7.4588221e-25
9.9556519e+00  7.4129813e-25
9.9786097e+00  7.3673635e-25
1.0001620e+01  7.3219662e-25
1.0024684e+01  7.2767889e-25
1.0047801e+01  7.2318308e-25
1.0070972e+01  7.1870895e-25
1.0094195e+01  7.1425628e-25
1.0117473e+01  7.0982490e-25
1.0140804e+01  7.0541462e-25
1.0164188e+01  7.0102529e-25
1.0187627e+01  6.9665678e-25
1.0211120e+01  6.9230899e-25
1.0234667e+01  6.8798181e-25
1.0258268e+01  6.8367517e-25
1.0281924e+01  6.7938901e-25
1.0305634e+01  6.7512328e-25
1.0329399e+01  6.7087796e-25
1.0353218e+01  6.6665302e-25
1.0377093e+01  6.6244847e-25
1.0401023e+01  6.5826431e-25
1.0425007e+01  6.5410058e-25
1.0449048e+01  6.4995730e-25
1.0473143e+01  6.4583451e-25
1.0497294e+01  6.4173228e-25
1.0521501e+01  6.3765067e-25
1.0545764e+01  6.3358975e-25
1.0570082e+01  6.2954960e-25
1.0594457e+01  6.2553032e-25
1.0618888e+01  6.2153199e-25
1.0643375e+01  6.1755473e-25
1.0667919e+01  6.1359863e-25
1.0692519e+01  6.0966382e-25
1.0717176e+01  6.0575042e-25
1.0741890e+01  6.0185853e-25
1.0766661e+01  5.9798830e-25
1.0791489e+01  5.9413985e-25
1.0816374e+01  5.9031331e-25
1.0841317e+01  5.8650881e-25
1.0866317e+01  5.8272650e-25
1.0891375e+01  5.7896650e-25
1.0916491e+01  5.7522896e-25
1.0941664e+01  5.7151401e-25
1.0966896e+01  5.6782178e-25
1.0992185e+01  5.6415243e-25
1.1017533e+01  5.6050607e-25
1.1042940e+01  5.5688284e-25
1.1068405e+01  5.5328289e-25
1.1093929e+01  5.4970633e-25
1.1119512e+01  5.4615329e-25
1.1145153e+01  5.4262390e-25
1.1170854e+01  5.3911828e-25
1.1196614e+01  5.3563654e-25
1.1222434e+01  5.3217881e-25
1.1248313e+01  5.2874519e-25
1.1274251e+01  5.2533578e-25
1.1300250e+01  5.2195069e-25
1.1326308e+01  5.1859002e-25
1.1352427e+01  5.1525385e-25
1.1378606e+01  5.1194228e-25
1.1404845e+01  5.0865538e-25
1.1431144e+01  5.0539323e-25
1.1457505e+01  5.0215591e-25
1.1483926e+01  4.9894347e-25
1.1510408e+01  4.9575597e-25
1.1536951e+01  4.9259347e-25
1.1563555e+01  4.8945601e-25
1.1590221e+01  4.8634364e-25
1.1616948e+01  4.8325638e-25
1.1643737e+01  4.8019428e-25
1.1670587e+01  4.7715734e-25
1.1697500e+01  4.7414559e-25
1.1724474e+01  4.7115904e-25
1.1751511e+01  4.6819768e-25
1.1778610e+01  4.6526152e-25
1.1805772e+01  4.6235054e-25
1.1832996e+01  4.5946474e-25
1.1860283e+01  4.5660409e-25
1.1887633e+01  4.5376855e-25
1.1915046e+01  4.5095811e-25
1.1942522e+01  4.4817271e-25
1.1970061e+01  4.4541232e-25
1.1997664e+01  4.4267687e-25
1.2025331e+01  4.3996633e-25
1.2053062e+01  4.3728061e-25
1.2080856e+01  4.3461965e-25
1.2108715e+01  4.3198338e-25
1.2136637e+01  4.2937172e-25
1.2164625e+01  4.2678459e-25
1.2192676e+01  4.2422189e-25
1.2220793e+01  4.2168353e-25
1.2248974e+01  4.1916941e-25
1.2277220e+01  4.1667942e-25
1.2305532e+01  4.1421347e-25
1.2333908e+01  4.1177143e-25
1.2362350e+01  4.0935319e-25
1.2390858e+01  4.0695862e-25
1.2419431e+01  4.0458760e-25
1.2448071e+01  4.0224001e-25
1.2476776e+01  3.9991570e-25
1.2505548e+01  3.9761455e-25
1.2534386e+01  3.9533640e-25
1.2563290e+01  3.9308113e-25
1.2592261e+01  3.9084858e-25
1.2621299e+01  3.8863860e-25
1.2650404e+01  3.8645104e-25
1.2679576e+01  3.8428575e-25
1.2708815e+01  3.8214256e-25
1.2738121e+01  3.8002133e-25
1.2767496e+01  3.7792188e-25
1.2796938e+01  3.7584405e-25
1.2826447e+01  3.7378769e-25
1.2856025e+01  3.7175261e-25
1.2885671e+01  3.6973865e-25
1.2915386e+01  3.6774565e-25
1.2945169e+01  3.6577342e-25
1.2975020e+01  3.6382179e-25
1.3004941e+01  3.6189059e-25
1.3034930e+01  3.5997964e-25
1.3064989e+01  3.5808877e-25
1.3095117e+01  3.5621780e-25
1.3125314e+01  3.5436655e-25
1.3155582e+01  3.5253484e-25
1.3185918e+01  3.5072249e-25
1.3216325e+01  3.4892932e-25
1.3246802e+01  3.4715516e-25
1.3277349e+01  3.4539981e-25
1.3307967e+01  3.4366311e-25
1.3338655e+01  3.4194486e-25
1.3369414e+01  3.4024490e-25
1.3400244e+01  3.3856304e-25
1.3431145e+01  3.3689909e-25
1.3462118e+01  3.3525289e-25
1.3493162e+01  3.3362424e-25
1.3524277e+01  3.3201298e-25
1.3555464e+01  3.3041893e-25
1.3586723e+01  3.2884190e-25
1.3618054e+01  3.2728172e-25
1.3649457e+01  3.2573821e-25
1.3680933e+01  3.2421120e-25
1.3712481e+01  3.2270051e-25
1.3744103e+01  3.2120598e-25
1.3775797e+01  3.1972741e-25
1.3807564e+01  3.1826466e-25
1.3839404e+01  3.1681753e-25
1.3871318e+01  3.1538587e-25
1.3903305e+01  3.1396951e-25
1.3935366e+01  3.1256827e-25
1.3967501e+01  3.1118199e-25
1.3999710e+01  3.0981051e-25
1.4031994e+01  3.0845367e-25
1.4064352e+01  3.0711129e-25
1.4096784e+01  3.0578321e-25
1.4129292e+01  3.0446929e-25
1.4161874e+01  3.0316935e-25
1.4194531e+01  3.0188325e-25
1.4227264e+01  3.0061082e-25
1.4260072e+01  2.9935191e-25
1.4292956e+01  2.9810637e-25
1.4325916e+01  2.9687404e-25
1.4358951e+01  2.9565478e-25
1.4392063e+01  2.9444844e-25
1.4425251e+01  2.9325486e-25
1.4458516e+01  2.9207390e-25
1.4491858e+01  2.9090542e-25
1.4525276e+01  2.8974928e-25
1.4558771e+01  2.8860533e-25
1.4592344e+01  2.8747343e-25
1.4625994e+01  2.8635344e-25
1.4659722e+01  2.8524522e-25
1.4693527e+01  2.8414865e-25
1.4727410e+01  2.8306358e-25
1.4761372e+01  2.8198988e-25
1.4795412e+01  2.8092743e-25
1.4829530e+01  2.7987608e-25
1.4863727e+01  2.7883571e-25
1.4898003e+01  2.7780620e-25
1.4932358e+01  2.7678741e-25
1.4966792e+01  2.7577923e-25
1.5001306e+01  2.7478153e-25
1.5035899e+01  2.7379419e-25
1.5070572e+01  2.7281709e-25
1.5105324e+01  2.7185011e-25
1.5140157e+01  2.7089313e-25
1.5175071e+01  2.6994604e-25
1.5210065e+01  2.6900872e-25
1.5245139e+01  2.6808105e-25
1.5280295e+01  2.6716294e-25
1.5315531e+01  2.6625426e-25
1.5350849e+01  2.6535491e-25
1.5386248e+01  2.6446477e-25
1.5421729e+01  2.6358375e-25
1.5457291e+01  2.6271174e-25
1.5492936e+01  2.6184862e-25
1.5528663e+01  2.6099431e-25
1.5564472e+01  2.6014869e-25
1.5600364e+01  2.5931167e-25
1.5636338e+01  2.5848315e-25
1.5672396e+01  2.5766303e-25
1.5708537e+01  2.5685122e-25
1.5744761e+01  2.5604761e-25
1.5781068e+01  2.5525211e-25
1.5817459e+01  2.5446463e-25
1.5853935e+01  2.5368509e-25
1.5890494e+01  2.5291337e-25
1.5927137e+01  2.5214941e-25
1.5963866e+01  2.5139310e-25
1.6000678e+01  2.5064437e-25
1.6037576e+01  2.4990311e-25
1.6074559e+01  2.4916926e-25
1.6111627e+01  2.4844272e-25
1.6148780e+01  2.4772341e-25
1.6186020e+01  2.4701124e-25
1.6223345e+01  2.4630615e-25
1.6260756e+01  2.4560803e-25
1.6298253e+01  2.4491683e-25
1.6335837e+01  2.4423245e-25
1.6373508e+01  2.4355482e-25
1.6411265e+01  2.4288387e-25
1.6449110e+01  2.4221952e-25
1.6487041e+01  2.4156168e-25
1.6525061e+01  2.4091030e-25
1.6563168e+01  2.4026530e-25
1.6601362e+01  2.3962660e-25
1.6639645e+01  2.3899413e-25
1.6678016e+01  2.3836782e-25
1.6716476e+01  2.3774761e-25
1.6755024e+01  2.3713343e-25
1.6793662e+01  2.3652520e-25
1.6832388e+01  2.3592287e-25
1.6871203e+01  2.3532636e-25
1.6910109e+01  2.3473561e-25
1.6949103e+01  2.3415055e-25
1.6988188e+01  2.3357113e-25
1.7027363e+01  2.3299727e-25
1.7066628e+01  2.3242892e-25
1.7105984e+01  2.3186601e-25
1.7145431e+01  2.3130849e-25
1.7184968e+01  2.3075630e-25
1.7224597e+01  2.3020936e-25
1.7264317e+01  2.2966764e-25
1.7304128e+01  2.2913106e-25
1.7344032e+01  2.2859958e-25
1.7384027e+01  2.2807313e-25
1.7424115e+01  2.2755166e-25
1.7464295e+01  2.2703511e-25
1.7504568e+01  2.2652344e-25
1.7544934e+01  2.2601658e-25
1.7585392e+01  2.2551448e-25
1.7625945e+01  2.2501710e-25
1.7666590e+01  2.2452437e-25
1.7707329e+01  2.2403625e-25
1.7748163e+01  2.2355268e-25
1.7789090e+01  2.2307363e-25
1.7830112e+01  2.2259903e-25
1.7871228e+01  2.2212884e-25
1.7912439e+01  2.2166301e-25
1.7953746e+01  2.2120149e-25
1.7995147e+01  2.2074424e-25
1.8036644e+01  2.2029120e-25
1.8078237e+01  2.1984234e-25
1.8119925e+01  2.1939761e-25
1.8161710e+01  2.1895695e-25
1.8203591e+01  2.1852034e-25
1.8245569e+01  2.1808772e-25
1.8287643e+01  2.1765905e-25
1.8329814e+01  2.1723428e-25
1.8372083e+01  2.1681339e-25
1.8414449e+01  2.1639631e-25
1.8456913e+01  2.1598302e-25
1.8499475e+01  2.1557346e-25
1.8542135e+01  2.1516761e-25
1.8584893e+01  2.1476542e-25
1.8627750e+01  2.1436685e-25
1.8670706e+01  2.1397186e-25
1.8713761e+01  2.1358041e-25
1.8756915e+01  2.1319247e-25
1.8800168e+01  2.1280799e-25
1.8843522e+01  2.1242695e-25
1.8886975e+01  2.1204929e-25
1.8930528e+01  2.1167500e-25
1.8974182e+01  2.1130402e-25
1.9017937e+01  2.1093633e-25
1.9061792e+01  2.1057189e-25
1.9105749e+01  2.1021067e-25
1.9149807e+01  2.0985263e-25
1.9193967e+01  2.0949773e-25
1.9238228e+01  2.0914594e-25
1.9282592e+01  2.0879724e-25
1.9327057e+01  2.0845158e-25
1.9371626e+01  2.0810894e-25
1.9416297e+01  2.0776928e-25
1.9461071e+01  2.0743257e-25
1.9505948e+01  2.0709879e-25
1.9550929e+01  2.0676789e-25
1.9596014e+01  2.0643985e-25
1.9641202e+01  2.0611463e-25
1.9686495e+01  2.0579222e-25
1.9731892e+01  2.0547257e-25
1.9777394e+01  2.0515566e-25
1.9823001e+01  2.0484147e-25
1.9868713e+01  2.0452995e-25
1.9914530e+01  2.0422109e-25
1.9960454e+01  2.0391485e-25
2.0006482e+01  2.0361121e-25
2.0052618e+01  2.0331015e-25
2.0098859e+01  2.0301162e-25
2.0145207e+01  2.0271562e-25
2.0191662e+01  2.0242210e-25
2.0238224e+01  2.0213105e-25
2.0284894e+01  2.0184244e-25
2.0331671e+01  2.0155624e-25
2.0378556e+01  2.0127243e-25
2.0425549e+01  2.0099098e-25
2.0472650e+01  2.0071188e-25
2.0519861e+01  2.0043508e-25
2.0567180e+01  2.0016058e-25
2.0614608e+01  1.9988835e-25
2.0662145e+01  1.9961836e-25
2.0709792e+01  1.9935059e-25
2.0757549e+01  1.9908501e-25
2.0805416e+01  1.9882161e-25
2.0853394e+01  1.9856036e-25
2.0901482e+01  1.9830125e-25
2.0949681e+01  1.9804424e-25
2.0997991e+01  1.9778931e-25
2.1046412e+01  1.9753645e-25
2.1094945e+01  1.9728564e-25
2.1143591e+01  1.9703685e-25
2.1192348e+01  1.9679006e-25
2.1241218e+01  1.9654525e-25
2.1290200e+01  1.9630240e-25
2.1339295e+01  1.9606149e-25
2.1388504e+01  1.9582251e-25
2.1437826e+01  1.9558543e-25
2.1487262e+01  1.9535023e-25
2.1536812e+01  1.9511689e-25
2.1586476e+01  1.9488540e-25
2.1636254e+01  1.9465573e-25
2.1686148e+01  1.9442788e-25
2.1736156e+01  1.9420181e-25
2.1786280e+01  1.9397751e-25
2.1836519e+01  1.9375496e-25
2.1886874e+01  1.9353415e-25
2.1937346e+01  1.9331506e-25
2.1987933e+01  1.9309767e-25
2.2038638e+01  1.9288197e-25
2.2089459e+01  1.9266793e-25
2.2140397e+01  1.9245554e-25
2.2191453e+01  1.9224478e-25
2.2242627e+01  1.9203565e-25
2.2293919e+01  1.9182811e-25
2.2345328e+01  1.9162216e-25
2.2396857e+01  1.9141778e-25
2.2448504e+01  1.9121496e-25
2.2500271e+01  1.9101367e-25
2.2552157e+01  1.9081390e-25
2.2604162e+01  1.9061565e-25
2.2656287e+01  1.9041889e-25
2.2708533e+01  1.9022360e-25
2.2760899e+01  1.9002979e-25
2.2813386e+01  1.8983742e-25
2.2865994e+01  1.8964649e-25
2.2918723e+01  1.8945698e-25
2.2971574e+01  1.8926887e-25
2.3024546e+01  1.8908216e-25
2.3077641e+01  1.8889684e-25
2.3130858e+01  1.8871288e-25
2.3184198e+01  1.8853027e-25
2.3237661e+01  1.8834900e-25
2.3291247e+01  1.8816906e-25
2.3344957e+01  1.8799044e-25
2.3398791e+01  1.8781312e-25
2.3452748e+01  1.8763708e-25
2.3506831e+01  1.8746233e-25
2.3561038e+01  1.8728884e-25
2.3615370e+01  1.8711660e-25
2.3669827e+01  1.8694560e-25
2.3724410e+01  1.8677584e-25
2.3779118e+01  1.8660728e-25
2.3833953e+01  1.8643994e-25
2.3888914e+01  1.8627379e-25
2.3944002e+01  1.8610882e-25
2.3999217e+01  1.8594502e-25
2.4054560e+01  1.8578238e-25
2.4110030e+01  1.8562090e-25
2.4165628e+01  1.8546055e-25
2.4221354e+01  1.8530133e-25
2.4277208e+01  1.8514322e-25
2.4333192e+01  1.8498622e-25
2.4389304e+01  1.8483032e-25
2.4445546e+01  1.8467551e-25
2.4501918e+01  1.8452177e-25
2.4558420e+01  1.8436910e-25
2.4615051e+01  1.8421748e-25
2.4671814e+01  1.8406691e-25
2.4728707e+01  1.8391737e-25
2.4785732e+01  1.8376887e-25
2.4842888e+01  1.8362138e-25
2.4900176e+01  1.8347489e-25
2.4957596e+01  1.8332941e-25
2.5015148e+01  1.8318492e-25
2.5072833e+01  1.8304140e-25
2.5130652e+01  1.8289886e-25
2.5188603e+01  1.8275728e-25
2.5246688e+01  1.8261665e-25
2.5304907e+01  1.8247697e-25
2.5363261e+01  1.8233823e-25
2.5421748e+01  1.8220041e-25
2.5480371e+01  1.8206352e-25
2.5539129e+01  1.8192753e-25
2.5598023e+01  1.8179245e-25
2.5657052e+01  1.8165826e-25
2.5716217e+01  1.8152496e-25
2.5775519e+01  1.8139254e-25
2.5834957e+01  1.8126099e-25
2.5894533e+01  1.8113030e-25
2.5954246e+01  1.8100047e-25
2.6014097e+01  1.8087149e-25
2.6074085e+01  1.8074334e-25
2.6134212e+01  1.8061604e-25
2.6194478e+01  1.8048955e-25
2.6254883e+01  1.8036389e-25
2.6315427e+01  1.8023903e-25
2.6376110e+01  1.8011498e-25
2.6436934e+01  1.7999173e-25
2.6497898e+01  1.7986926e-25
2.6559002e+01  1.7974758e-25
2.6620247e+01  1.7962668e-25
2.6681634e+01  1.7950655e-25
2.6743162e+01  1.7938717e-25
2.6804832e+01  1.7926856e-25
2.6866644e+01  1.7915069e-25
2.6928599e+01  1.7903357e-25
2.6990696e+01  1.7891719e-25
2.7052937e+01  1.7880153e-25
2.7115321e+01  1.7868660e-25
2.7177849e+01  1.7857239e-25
2.7240522e+01  1.7845889e-25
2.7303338e+01  1.7834609e-25
2.7366300e+01  1.7823400e-25
2.7429407e+01  1.7812260e-25
2.7492659e+01  1.7801189e-25
2.7556058e+01  1.7790186e-25
2.7619602e+01  1.7779250e-25
2.7683293e+01  1.7768382e-25
2.7747131e+01  1.7757580e-25
2.7811116e+01  1.7746844e-25
2.7875249e+01  1.7736174e-25
2.7939529e+01  1.7725569e-25
2.8003958e+01  1.7715027e-25
2.8068536e+01  1.7704550e-25
2.8133262e+01  1.7694136e-25
2.8198137e+01  1.7683785e-25
2.8263162e+01  1.7673496e-25
2.8328338e+01  1.7663268e-25
2.8393663e+01  1.7653102e-25
2.8459139e+01  1.7642997e-25
2.8524766e+01  1.7632951e-25
2.8590544e+01  1.7622966e-25
2.8656474e+01  1.7613040e-25
2.8722556e+01  1.7603172e-25
2.8788791e+01  1.7593363e-25
2.8855178e+01  1.7583612e-25
2.8921718e+01  1.7573918e-25
2.8988412e+01  1.7564281e-25
2.9055259e+01  1.7554700e-25
2.9122261e+01  1.7545175e-25
2.9189417e+01  1.7535706e-25
2.9256728e+01  1.7526292e-25
2.9324194e+01  1.7516933e-25
2.9391816e+01  1.7507628e-25
2.9459594e+01  1.7498376e-25
2.9527528e+01  1.7489178e-25
2.9595619e+01  1.7480033e-25
2.9663866e+01  1.7470941e-25
2.9732272e+01  1.7461901e-25
2.9800834e+01  1.7452912e-25
2.9869555e+01  1.7443975e-25
2.9938435e+01  1.7435089e-25
3.0007473e+01  1.7426253e-25
3.0076670e+01  1.7417467e-25
3.0146028e+01  1.7408731e-25
3.0215544e+01  1.7400045e-25
3.0285222e+01  1.7391407e-25
3.0355060e+01  1.7382819e-25
3.0425059e+01  1.7374278e-25
3.0495219e+01  1.7365785e-25
3.0565541e+01  1.7357340e-25
3.0636026e+01  1.7348942e-25
3.0706673e+01  1.7340591e-25
3.0777482e+01  1.7332286e-25
3.0848456e+01  1.7324027e-25
3.0919592e+01  1.7315814e-25
3.0990893e+01  1.7307647e-25
3.1062358e+01  1.7299525e-25
3.1133988e+01  1.7291447e-25
3.1205784e+01  1.7283414e-25
3.1277744e+01  1.7275424e-25
3.1349871e+01  1.7267479e-25
3.1422164e+01  1.7259577e-25
3.1494624e+01  1.7251718e-25
3.1567251e+01  1.7243902e-25
3.1640045e+01  1.7236129e-25
3.1713007e+01  1.7228397e-25
3.1786138e+01  1.7220708e-25
3.1859437e+01  1.7213060e-25
3.1932905e+01  1.7205453e-25
3.2006542e+01  1.7197888e-25
3.2080350e+01  1.7190363e-25
3.2154327e+01  1.7182878e-25
3.2228475e+01  1.7175433e-25
3.2302794e+01  1.7168029e-25
3.2377285e+01  1.7160663e-25
3.2451947e+01  1.7153338e-25
3.2526782e+01  1.7146051e-25
3.2601789e+01  1.7138802e-25
3.2676969e+01  1.7131592e-25
3.2752322e+01  1.7124421e-25
3.2827849e+01  1.7117287e-25
3.2903550e+01  1.7110191e-25
3.2979426e+01  1.7103132e-25
3.3055477e+01  1.7096110e-25
3.3131703e+01  1.7089125e-25
3.3208105e+01  1.7082177e-25
3.3284683e+01  1.7075265e-25
3.3361438e+01  1.7068389e-25
3.3438370e+01  1.7061549e-25
3.3515479e+01  1.7054745e-25
3.3592766e+01  1.7047976e-25
3.3670231e+01  1.7041242e-25
3.3747875e+01  1.7034543e-25
3.3825698e+01  1.7027878e-25
3.3903700e+01  1.7021248e-25
3.3981882e+01  1.7014652e-25
3.4060245e+01  1.7008091e-25
3.4138788e+01  1.7001562e-25
3.4217512e+01  1.6995068e-25
3.4296418e+01  1.6988606e-25
3.4375506e+01  1.6982178e-25
3.4454776e+01  1.6975782e-25
3.4534229e+01  1.6969419e-25
3.4613865e+01  1.6963089e-25
3.4693685e+01  1.6956791e-25
3.4773689e+01  1.6950524e-25
3.4853877e+01  1.6944290e-25
3.4934251e+01  1.6938087e-25
3.5014809e+01  1.6931915e-25
3.5095554e+01  1.6925775e-25
3.5176484e+01  1.6919665e-25
3.5257602e+01  1.6913586e-25
3.5338906e+01  1.6907538e-25
3.5420398e+01  1.6901520e-25
3.5502077e+01  1.6895533e-25
3.5583945e+01  1.6889575e-25
3.5666002e+01  1.6883647e-25
3.5748248e+01  1.6877749e-25
3.5830684e+01  1.6871880e-25
3.5913310e+01  1.6866040e-25
3.5996126e+01  1.6860230e-25
3.6079134e+01  1.6854448e-25
3.6162332e+01  1.6848695e-25
3.6245723e+01  1.6842970e-25
3.6329306e+01  1.6837274e-25
3.6413082e+01  1.6831606e-25
3.6497050e+01  1.6825966e-25
3.6581213e+01  1.6820354e-25
3.6665569e+01  1.6814769e-25
3.6750120e+01  1.6809212e-25
3.6834867e+01  1.6803682e-25
3.6919808e+01  1.6798180e-25
3.7004945e+01  1.6792704e-25
3.7090279e+01  1.6787255e-25
3.7175810e+01  1.6781833e-25
3.7261537e+01  1.6776438e-25
3.7347463e+01  1.6771068e-25
3.7433586e+01  1.6765725e-25
3.7519908e+01  1.6760408e-25
3.7606429e+01  1.6755117e-25
3.7693150e+01  1.6749851e-25
3.7780071e+01  1.6744611e-25
3.7867192e+01  1.6739397e-25
3.7954514e+01  1.6734207e-25
3.8042037e+01  1.6729043e-25
3.8129763e+01  1.6723904e-25
3.8217690e+01  1.6718790e-25
3.8305821e+01  1.6713700e-25
3.8394154e+01  1.6708635e-25
3.8482691e+01  1.6703594e-25
3.8571433e+01  1.6698578e-25
3.8660379e+01  1.6693586e-25
3.8749530e+01  1.6688617e-25
3.8838886e+01  1.6683673e-25
3.8928449e+01  1.6678752e-25
3.9018219e+01  1.6673855e-25
3.9108195e+01  1.6668981e-25
3.9198379e+01  1.6664131e-25
3.9288770e+01  1.6659304e-25
3.9379371e+01  1.6654500e-25
3.9470180e+01  1.6649719e-25
3.9561198e+01  1.6644960e-25
3.9652427e+01  1.6640225e-25
3.9743865e+01  1.6635512e-25
3.9835515e+01  1.6630821e-25
3.9927376e+01  1.6626153e-25
4.0019449e+01  1.6621507e-25
4.0111734e+01  1.6616883e-25
4.0204232e+01  1.6612281e-25
4.0296943e+01  1.6607700e-25
4.0389868e+01  1.6603142e-25
4.0483008e+01  1.6598605e-25
4.0576362e+01  1.6594089e-25
4.0669931e+01  1.6589595e-25
4.0763716e+01  1.6585123e-25
4.0857718e+01  1.6580671e-25
4.0951936e+01  1.6576240e-25
4.1046372e+01  1.6571831e-25
4.1141025e+01  1.6567442e-25
4.1235896e+01  1.6563074e-25
4.1330987e+01  1.6558726e-25
4.1426296e+01  1.6554399e-25
4.1521826e+01  1.6550092e-25
4.1617575e+01  1.6545806e-25
4.1713546e+01  1.6541540e-25
4.1809737e+01  1.6537294e-25
4.1906151e+01  1.6533068e-25
4.2002787e+01  1.6528861e-25
4.2099646e+01  1.6524675e-25
4.2196728e+01  1.6520508e-25
4.2294034e+01  1.6516361e-25
4.2391564e+01  1.6512233e-25
4.2489319e+01  1.6508125e-25
4.2587300e+01  1.6504036e-25
4.2685507e+01  1.6499966e-25
4.2783940e+01  1.6495915e-25
4.2882600e+01  1.6491883e-25
4.2981488e+01  1.6487870e-25
4.3080603e+01  1.6483876e-25
4.3179947e+01  1.6479901e-25
4.3279521e+01  1.6475944e-25
4.3379324e+01  1.6472006e-25
4.3479357e+01  1.6468086e-25
4.3579620e+01  1.6464185e-25
4.3680115e+01  1.6460302e-25
4.3780842e+01  1.6456437e-25
4.3881801e+01  1.6452590e-25
4.3982993e+01  1.6448762e-25
4.4084418e+01  1.6444951e-25
4.4186077e+01  1.6441158e-25
4.4287970e+01  1.6437383e-25
4.4390099e+01  1.6433625e-25
4.4492463e+01  1.6429885e-25
4.4595062e+01  1.6426163e-25
4.4697899e+01  1.6422458e-25
4.4800973e+01  1.6418771e-25
4.4904284e+01  1.6415100e-25
4.5007834e+01  1.6411447e-25
4.5111622e+01  1.6407811e-25
4.5215650e+01  1.6404193e-25
4.5319918e+01  1.6400591e-25
4.5424426e+01  1.6397006e-25
4.5529175e+01  1.6393438e-25
4.5634165e+01  1.6389886e-25
4.5739398e+01  1.6386351e-25
4.5844873e+01  1.6382833e-25
4.5950592e+01  1.6379332e-25
4.6056554e+01  1.6375846e-25
4.6162761e+01  1.6372378e-25
4.6269213e+01  1.6368925e-25
4.6375910e+01  1.6365489e-25
4.6482853e+01  1.6362069e-25
4.6590043e+01  1.6358665e-25
4.6697480e+01  1.6355277e-25
4.6805165e+01  1.6351905e-25
4.6913098e+01  1.6348549e-25
4.7021280e+01  1.6345209e-25
4.7129711e+01  1.6341884e-25
4.7238393e+01  1.6338575e-25
4.7347325e+01  1.6335282e-25
4.7456508e+01  1.6332005e-25
4.7565943e+01  1.6328743e-25
4.7675631e+01  1.6325496e-25
4.7785571e+01  1.6322265e-25
4.7895765e+01  1.6319049e-25
4.8006213e+01  1.6315848e-25
4.8116916e+01  1.6312663e-25
4.8227874e+01  1.6309492e-25
4.8339087e+01  1.6306337e-25
4.8450558e+01  1.6303197e-25
4.8562285e+01  1.6300071e-25
4.8674270e+01  1.6296961e-25
4.8786513e+01  1.6293865e-25
4.8899015e+01  1.6290784e-25
4.9011777e+01  1.6287718e-25
4.9124798e+01  1.6284667e-25
4.9238081e+01  1.6281630e-25
4.9351624e+01  1.6278608e-25
4.9465429e+01  1.6275600e-25
4.9579497e+01  1.6272606e-25
4.9693828e+01  1.6269627e-25
4.9808422e+01  1.6266663e-25
4.9923280e+01  1.6263712e-25
5.0038404e+01  1.6260776e-25
5.0153793e+01  1.6257854e-25
5.0269448e+01  1.6254946e-25
5.0385370e+01  1.6252052e-25
5.0501559e+01  1.6249172e-25
5.0618016e+01  1.6246306e-25
5.0734741e+01  1.6243454e-25
5.0851736e+01  1.6240616e-25
5.0969000e+01  1.6237792e-25
5.1086535e+01  1.6234981e-25
5.1204341e+01  1.6232184e-25
5.1322419e+01  1.6229401e-25
5.1440769e+01  1.6226631e-25
5.1559392e+01  1.6223875e-25
5.1678288e+01  1.6221133e-25
5.1797458e+01  1.6218403e-25
5.1916904e+01  1.6215688e-25
5.2036625e+01  1.6212985e-25
5.2156621e+01  1.6210297e-25
5.2276895e+01  1.6207621e-25
5.2397446e+01  1.6204958e-25
5.2518275e+01  1.6202309e-25
5.2639382e+01  1.6199673e-25
5.2760769e+01  1.6197050e-25
5.2882436e+01  1.6194440e-25
5.3004383e+01  1.6191843e-25
5.3126612e+01  1.6189259e-25
5.3249122e+01  1.6186688e-25
5.3371915e+01  1.6184130e-25
5.3494991e+01  1.6181585e-25
5.3618351e+01  1.6179052e-25
5.3741995e+01  1.6176532e-25
5.3865925e+01  1.6174025e-25
5.3990140e+01  1.6171531e-25
5.4114642e+01  1.6169049e-25
5.4239430e+01  1.6166580e-25
5.4364507e+01  1.6164124e-25
5.4489872e+01  1.6161680e-25
5.4615526e+01  1.6159248e-25
5.4741470e+01  1.6156829e-25
5.4867704e+01  1.6154423e-25
5.4994229e+01  1.6152028e-25
5.5121046e+01  1.6149646e-25
5.5248156e+01  1.6147277e-25
5.5375559e+01  1.6144919e-25
5.5503255e+01  1.6142574e-25
5.5631246e+01  1.6140241e-25
5.5759532e+01  1.6137921e-25
5.5888114e+01  1.6135612e-25
5.6016992e+01  1.6133315e-25
5.6146168e+01  1.6131031e-25
5.6275642e+01  1.6128758e-25
5.6405414e+01  1.6126498e-25
5.6535485e+01  1.6124249e-25
5.6665856e+01  1.6122013e-25
5.6796528e+01  1.6119788e-25
5.6927501e+01  1.6117575e-25
5.7058777e+01  1.6115374e-25
5.7190355e+01  1.6113185e-25
5.7322236e+01  1.6111007e-25
5.7454421e+01  1.6108841e-25
5.7586912e+01  1.6106687e-25
5.7719708e+01  1.6104545e-25
5.7852810e+01  1.6102414e-25
5.7986219e+01  1.6100295e-25
5.8119935e+01  1.6098187e-25
5.8253960e+01  1.6096091e-25
5.8388294e+01  1.6094007e-25
5.8522938e+01  1.6091934e-25
5.8657893e+01  1.6089872e-25
5.8793158e+01  1.6087822e-25
5.8928736e+01  1.6085783e-25
5.9064626e+01  1.6083755e-25
5.9200829e+01  1.6081739e-25
5.9337347e+01  1.6079735e-25
5.9474179e+01  1.6077741e-25
5.9611327e+01  1.6075759e-25
5.9748791e+01  1.6073788e-25
5.9886572e+01  1.6071828e-25
6.0024671e+01  1.6069879e-25
6.0163089e+01  1.6067942e-25
6.0301825e+01  1.6066016e-25
6.0440882e+01  1.6064101e-25
6.0580259e+01  1.6062196e-25
6.0719957e+01  1.6060303e-25
6.0859978e+01  1.6058421e-25
6.1000322e+01  1.6056550e-25
6.1140989e+01  1.6054690e-25
6.1281980e+01  1.6052841e-25
6.1423297e+01  1.6051003e-25
6.1564940e+01  1.6049176e-25
6.1706909e+01  1.6047360e-25
6.1849206e+01  1.6045554e-25
6.1991830e+01  1.6043760e-25
6.2134784e+01  1.6041976e-25
6.2278067e+01  1.6040203e-25
6.2421681e+01  1.6038441e-25
6.2565626e+01  1.6036689e-25
6.2709903e+01  1.6034949e-25
6.2854512e+01  1.6033219e-25
6.2999455e+01  1.6031499e-25
6.3144732e+01  1.6029791e-25
6.3290345e+01  1.6028093e-25
6.3436293e+01  1.6026406e-25
6.3582577e+01  1.6024729e-25
6.3729199e+01  1.6023063e-25
6.3876159e+01  1.6021407e-25
6.4023458e+01  1.6019762e-25
6.4171097e+01  1.6018128e-25
6.4319076e+01  1.6016504e-25
6.4467396e+01  1.6014891e-25
6.4616058e+01  1.6013288e-25
6.4765063e+01  1.6011696e-25
6.4914412e+01  1.6010114e-25
6.5064105e+01  1.6008542e-25
6.5214144e+01  1.6006981e-25
6.5364528e+01  1.6005430e-25
6.5515259e+01  1.6003890e-25
6.5666338e+01  1.6002360e-25
6.5817765e+01  1.6000841e-25
6.5969541e+01  1.5999331e-25
6.6121667e+01  1.5997833e-25
6.6274144e+01  1.5996344e-25
6.6426973e+01  1.5994866e-25
6.6580154e+01  1.5993398e-25
6.6733688e+01  1.5991940e-25
6.6887577e+01  1.5990492e-25
6.7041820e+01  1.5989055e-25
6.7196419e+01  1.5987628e-25
6.7351374e+01  1.5986211e-25
6.7506687e+01  1.5984805e-25
6.7662358e+01  1.5983408e-25
6.7818388e+01  1.5982022e-25
6.7974778e+01  1.5980646e-25
6.8131528e+01  1.5979280e-25
6.8288640e+01  1.5977924e-25
6.8446114e+01  1.5976578e-25
6.8603951e+01  1.5975242e-25
6.8762153e+01  1.5973917e-25
6.8920719e+01  1.5972601e-25
6.9079650e+01  1.5971296e-25
6.9238949e+01  1.5970000e-25
6.9398614e+01  1.5968715e-25
6.9558648e+01  1.5967440e-25
6.9719051e+01  1.5966175e-25
6.9879823e+01  1.5964919e-25
7.0040967e+01  1.5963674e-25
7.0202482e+01  1.5962439e-25
7.0364369e+01  1.5961214e-25
7.0526630e+01  1.5959998e-25
7.0689265e+01  1.5958793e-25
7.0852275e+01  1.5957598e-25
7.1015661e+01  1.5956412e-25
7.1179423e+01  1.5955237e-25
7.1343564e+01  1.5954071e-25
7.1508083e+01  1.5952915e-25
7.1672981e+01  1.5951770e-25
7.1838259e+01  1.5950634e-25
7.2003919e+01  1.5949508e-25
7.2169960e+01  1.5948392e-25
7.2336385e+01  1.5947286e-25
7.2503193e+01  1.5946189e-25
7.2670386e+01  1.5945103e-25
7.2837964e+01  1.5944027e-25
7.3005929e+01  1.5942960e-25
7.3174282e+01  1.5941903e-25
7.3343022e+01  1.5940856e-25
7.3512152e+01  1.5939819e-25
7.3681671e+01  1.5938791e-25
7.3851582e+01  1.5937774e-25
7.4021884e+01  1.5936766e-25
7.4192579e+01  1.5935768e-25
7.4363668e+01  1.5934780e-25
7.4535151e+01  1.5933802e-25
7.4707029e+01  1.5932834e-25
7.4879304e+01  1.5931875e-25
7.5051977e+01  1.5930926e-25
7.5225047e+01  1.5929987e-25
7.5398517e+01  1.5929058e-25
7.5572386e+01  1.5928138e-25
7.5746657e+01  1.5927228e-25
7.5921329e+01  1.5926328e-25
7.6096404e+01  1.5925438e-25
7.6271883e+01  1.5924558e-25
7.6447767e+01  1.5923687e-25
7.6624056e+01  1.5922826e-25
7.6800751e+01  1.5921975e-25
7.6977855e+01  1.5921134e-25
7.7155366e+01  1.5920302e-25
7.7333287e+01  1.5919480e-25
7.7511618e+01  1.5918668e-25
7.7690361e+01  1.5917865e-25
7.7869515e+01  1.5917073e-25
7.8049083e+01  1.5916290e-25
7.8229065e+01  1.5915517e-25
7.8409461e+01  1.5914753e-25
7.8590274e+01  1.5914000e-25
7.8771504e+01  1.5913256e-25
7.8953152e+01  1.5912522e-25
7.9135218e+01  1.5911797e-25
7.9317705e+01  1.5911083e-25
7.9500612e+01  1.5910378e-25
7.9683941e+01  1.5909682e-25
7.9867693e+01  1.5908997e-25
8.0051868e+01  1.5908321e-25
8.0236468e+01  1.5907655e-25
8.0421494e+01  1.5906999e-25
8.0606947e+01  1.5906353e-25
8.0792827e+01  1.5905716e-25
8.0979136e+01  1.5905089e-25
8.1165874e+01  1.5904472e-25
8.1353044e+01  1.5903865e-25
8.1540644e+01  1.5903267e-25
8.1728678e+01  1.5902679e-25
8.1917145e+01  1.5902101e-25
8.2106046e+01  1.5901533e-25
8.2295383e+01  1.5900974e-25
8.2485157e+01  1.5900426e-25
8.2675369e+01  1.5899887e-25
8.2866019e+01  1.5899357e-25
8.3057108e+01  1.5898838e-25
8.3248639e+01  1.5898328e-25
8.3440611e+01  1.5897829e-25
8.3633025e+01  1.5897339e-25
8.3825884e+01  1.5896858e-25
8.4019187e+01  1.5896388e-25
8.4212936e+01  1.5895928e-25
8.4407131e+01  1.5895477e-25
8.4601775e+01  1.5895036e-25
8.4796867e+01  1.5894605e-25
8.4992409e+01  1.5894184e-25
8.5188403e+01  1.5893772e-25
8.5384848e+01  1.5893371e-25
8.5581746e+01  1.5892979e-25
8.5779098e+01  1.5892597e-25
8.5976905e+01  1.5892225e-25
8.6175169e+01  1.5891863e-25
8.6373889e+01  1.5891511e-25
8.6573068e+01  1.5891169e-25
8.6772706e+01  1.5890837e-25
8.6972805e+01  1.5890514e-25
8.7173365e+01  1.5890202e-25
8.7374387e+01  1.5889899e-25
8.7575873e+01  1.5889606e-25
8.7777824e+01  1.5889324e-25
8.7980240e+01  1.5889051e-25
8.8183123e+01  1.5888788e-25
8.8386474e+01  1.5888535e-25
8.8590294e+01  1.5888292e-25
8.8794584e+01  1.5888059e-25
8.8999345e+01  1.5887837e-25
8.9204578e+01  1.5887624e-25
8.9410285e+01  1.5887421e-25
8.9616465e+01  1.5887228e-25
8.9823122e+01  1.5887045e-25
9.0030254e+01  1.5886872e-25
9.0237865e+01  1.5886710e-25
9.0445954e+01  1.5886557e-25
9.0654523e+01  1.5886415e-25
9.0863573e+01  1.5886282e-25
9.1073105e+01  1.5886160e-25
9.1283120e+01  1.5886047e-25
9.1493620e+01  1.5885945e-25
9.1704605e+01  1.5885853e-25
9.1916077e+01  1.5885772e-25
9.2128036e+01  1.5885700e-25
9.2340484e+01  1.5885638e-25
9.2553422e+01  1.5885587e-25
9.2766850e+01  1.5885546e-25
9.2980771e+01  1.5885515e-25
9.3195186e+01  1.5885494e-25
9.3410095e+01  1.5885484e-25
9.3625499e+01  1.5885484e-25
9.3841400e+01  1.5885494e-25
9.4057799e+01  1.5885514e-25
9.4274697e+01  1.5885545e-25
9.4492095e+01  1.5885586e-25
9.4709995e+01  1.5885637e-25
9.4928397e+01  1.5885699e-25
9.5147302e+01  1.5885770e-25
9.5366713e+01  1.5885853e-25
9.5586629e+01  1.5885945e-25
9.5807053e+01  1.5886049e-25
9.6027984e+01  1.5886162e-25
9.6249426e+01  1.5886286e-25
9.6471378e+01  1.5886420e-25
9.6693841e+01  1.5886565e-25
9.6916818e+01  1.5886721e-25
9.7140309e+01  1.5886886e-25
9.7364315e+01  1.5887063e-25
9.7588838e+01  1.5887250e-25
9.7813879e+01  1.5887447e-25
9.8039438e+01  1.5887655e-25
9.8265518e+01  1.5887873e-25
9.8492119e+01  1.5888102e-25
9.8719243e+01  1.5888342e-25
9.8946890e+01  1.5888593e-25
9.9175062e+01  1.5888854e-25
9.9403761e+01  1.5889125e-25
9.9632987e+01  1.5889408e-25
9.9862741e+01  1.5889701e-25
1.0009303e+02  1.5890004e-25
1.0032384e+02  1.5890319e-25
1.0055519e+02  1.5890644e-25
1.0078707e+02  1.5890980e-25
1.0101948e+02  1.5891327e-25
1.0125244e+02  1.5891685e-25
1.0148593e+02  1.5892054e-25
1.0171995e+02  1.5892433e-25
1.0195452e+02  1.5892823e-25
1.0218963e+02  1.5893224e-25
1.0242528e+02  1.5893636e-25
1.0266147e+02  1.5894060e-25
1.0289821e+02  1.5894494e-25
1.0313549e+02  1.5894939e-25
1.0337332e+02  1.5895395e-25
1.0361170e+02  1.5895862e-25
1.0385063e+02  1.5896340e-25
1.0409011e+02  1.5896829e-25
1.0433015e+02  1.5897329e-25
1.0457073e+02  1.5897841e-25
1.0481187e+02  1.5898363e-25
1.0505357e+02  1.5898897e-25
1.0529582e+02  1.5899442e-25
1.0553864e+02  1.5899998e-25
1.0578201e+02  1.5900565e-25
1.0602594e+02  1.5901144e-25
1.0627044e+02  1.5901734e-25
1.0651550e+02  1.5902335e-25
1.0676113e+02  1.5902947e-25
1.0700732e+02  1.5903571e-25
1.0725408e+02  1.5904206e-25
1.0750141e+02  1.5904853e-25
1.0774931e+02  1.5905511e-25
1.0799778e+02  1.5906181e-25
1.0824682e+02  1.5906862e-25
1.0849644e+02  1.5907554e-25
1.0874663e+02  1.5908258e-25
1.0899740e+02  1.5908974e-25
1.0924875e+02  1.5909701e-25
1.0950068e+02  1.5910440e-25
1.0975319e+02  1.5911191e-25
1.1000628e+02  1.5911953e-25
1.1025996e+02  1.5912727e-25
1.1051422e+02  1.5913512e-25
1.1076906e+02  1.5914309e-25
1.1102450e+02  1.5915119e-25
1.1128052e+02  1.5915939e-25
1.1153714e+02  1.5916772e-25
1.1179434e+02  1.5917617e-25
1.1205214e+02  1.5918473e-25
1.1231053e+02  1.5919342e-25
1.1256952e+02  1.5920222e-25
1.1282911e+02  1.5921114e-25
1.1308929e+02  1.5922019e-25
1.1335008e+02  1.5922935e-25
1.1361146e+02  1.5923863e-25
1.1387345e+02  1.5924804e-25
1.1413605e+02  1.5925757e-25
1.1439924e+02  1.5926721e-25
1.1466305e+02  1.5927698e-25
1.1492746e+02  1.5928688e-25
1.1519249e+02  1.5929689e-25
1.1545812e+02  1.5930703e-25
1.1572437e+02  1.5931729e-25
1.1599123e+02  1.5932767e-25
1.1625871e+02  1.5933818e-25
1.1652680e+02  1.5934881e-25
1.1679551e+02  1.5935957e-25
1.1706484e+02  1.5937045e-25
1.1733480e+02  1.5938145e-25
1.1760537e+02  1.5939259e-25
1.1787657e+02  1.5940384e-25
1.1814839e+02  1.5941523e-25
1.1842085e+02  1.5942674e-25
1.1869392e+02  1.5943837e-25
1.1896763e+02  1.5945014e-25
1.1924197e+02  1.5946203e-25
1.1951695e+02  1.5947404e-25
1.1979255e+02  1.5948619e-25
1.2006880e+02  1.5949847e-25
1.2034568e+02  1.5951087e-25
1.2062319e+02  1.5952340e-25
1.2090135e+02  1.5953607e-25
1.2118015e+02  1.5954886e-25
1.2145959e+02  1.5956178e-25
1.2173968e+02  1.5957483e-25
1.2202041e+02  1.5958802e-25
1.2230179e+02  1.5960133e-25
1.2258382e+02  1.5961478e-25
1.2286650e+02  1.5962836e-25
1.2314983e+02  1.5964207e-25
1.2343382e+02  1.5965592e-25
1.2371846e+02  1.5966990e-25
1.2400375e+02  1.5968401e-25
1.2428971e+02  1.5969825e-25
1.2457632e+02  1.5971263e-25
1.2486359e+02  1.5972715e-25
1.2515153e+02  1.5974180e-25
1.2544013e+02  1.5975658e-25
1.2572940e+02  1.5977150e-25
1.2601933e+02  1.5978656e-25
1.2630993e+02  1.5980175e-25
1.2660120e+02  1.5981709e-25
1.2689314e+02  1.5983255e-25
1.2718576e+02  1.5984816e-25
1.2747905e+02  1.5986391e-25
1.2777302e+02  1.5987979e-25
1.2806767e+02  1.5989581e-25
1.2836299e+02  1.5991198e-25
1.2865900e+02  1.5992828e-25
1.2895569e+02  1.5994472e-25
1.2925306e+02  1.5996130e-25
1.2955112e+02  1.5997803e-25
1.2984986e+02  1.5999490e-25
1.3014930e+02  1.6001190e-25
1.3044942e+02  1.6002906e-25
1.3075024e+02  1.6004635e-25
1.3105175e+02  1.6006379e-25
1.3135396e+02  1.6008137e-25
1.3165686e+02  1.6009910e-25
1.3196046e+02  1.6011697e-25
1.3226476e+02  1.6013498e-25
1.3256977e+02  1.6015314e-25
1.3287547e+02  1.6017145e-25
1.3318189e+02  1.6018991e-25
1.3348901e+02  1.6020851e-25
1.3379683e+02  1.6022725e-25
1.3410537e+02  1.6024615e-25
1.3441462e+02  1.6026520e-25
1.3472458e+02  1.6028439e-25
1.3503525e+02  1.6030373e-25
1.3534665e+02  1.6032323e-25
1.3565876e+02  1.6034287e-25
1.3597159e+02  1.6036266e-25
1.3628514e+02  1.6038261e-25
1.3659941e+02  1.6040270e-25
1.3691441e+02  1.6042295e-25
1.3723014e+02  1.6044335e-25
1.3754659e+02  1.6046391e-25
1.3786377e+02  1.6048462e-25
1.3818169e+02  1.6050548e-25
1.3850034e+02  1.6052650e-25
1.3881972e+02  1.6054767e-25
1.3913984e+02  1.6056900e-25
1.3946070e+02  1.6059048e-25
1.3978229e+02  1.6061212e-25
1.4010463e+02  1.6063392e-25
1.4042772e+02  1.6065587e-25
1.4075154e+02  1.6067799e-25
1.4107612e+02  1.6070026e-25
1.4140144e+02  1.6072269e-25
1.4172751e+02  1.6074528e-25
1.4205434e+02  1.6076803e-25
1.4238192e+02  1.6079095e-25
1.4271025e+02  1.6081402e-25
1.4303934e+02  1.6083725e-25
1.4336919e+02  1.6086065e-25
1.4369980e+02  1.6088421e-25
1.4403117e+02  1.6090794e-25
1.4436331e+02  1.6093182e-25
1.4469621e+02  1.6095588e-25
1.4502988e+02  1.6098009e-25
1.4536432e+02  1.6100448e-25
1.4569954e+02  1.6102903e-25
1.4603552e+02  1.6105374e-25
1.4637228e+02  1.6107863e-25
1.4670981e+02  1.6110368e-25
1.4704813e+02  1.6112890e-25
1.4738722e+02  1.6115428e-25
1.4772710e+02  1.6117984e-25
1.4806776e+02  1.6120557e-25
1.4840920e+02  1.6123147e-25
1.4875144e+02  1.6125754e-25
1.4909446e+02  1.6128378e-25
1.4943827e+02  1.6131020e-25
1.4978288e+02  1.6133678e-25
1.5012828e+02  1.6136355e-25
1.5047447e+02  1.6139048e-25
1.5082147e+02  1.6141759e-25
1.5116927e+02  1.6144488e-25
1.5151786e+02  1.6147234e-25
1.5186726e+02  1.6149998e-25
1.5221747e+02  1.6152779e-25
1.5256849e+02  1.6155578e-25
1.5292031e+02  1.6158396e-25
1.5327295e+02  1.6161231e-25
1.5362639e+02  1.6164084e-25
1.5398066e+02  1.6166955e-25
1.5433574e+02  1.6169844e-25
1.5469164e+02  1.6172751e-25
1.5504836e+02  1.6175677e-25
1.5540590e+02  1.6178620e-25
1.5576427e+02  1.6181582e-25
1.5612346e+02  1.6184563e-25
1.5648348e+02  1.6187562e-25
1.5684434e+02  1.6190579e-25
1.5720602e+02  1.6193616e-25
1.5756854e+02  1.6196670e-25
1.5793189e+02  1.6199744e-25
1.5829608e+02  1.6202836e-25
1.5866112e+02  1.6205947e-25
1.5902699e+02  1.6209077e-25
1.5939371e+02  1.6212226e-25
1.5976127e+02  1.6215394e-25
1.6012968e+02  1.6218582e-25
1.6049894e+02  1.6221788e-25
1.6086905e+02  1.6225014e-25
1.6124002e+02  1.6228259e-25
1.6161184e+02  1.6231523e-25
1.6198452e+02  1.6234807e-25
1.6235805e+02  1.6238110e-25
1.6273245e+02  1.6241433e-25
1.6310772e+02  1.6244776e-25
1.6348384e+02  1.6248138e-25
1.6386084e+02  1.6251521e-25
1.6423870e+02  1.6254923e-25
1.6461744e+02  1.6258345e-25
1.6499705e+02  1.6261787e-25
1.6537753e+02  1.6265249e-25
1.6575889e+02  1.6268731e-25
1.6614114e+02  1.6272233e-25
1.6652426e+02  1.6275756e-25
1.6690826e+02  1.6279299e-25
1.6729316e+02  1.6282863e-25
1.6767894e+02  1.6286447e-25
1.6806560e+02  1.6290052e-25
1.6845316e+02  1.6293677e-25
1.6884162e+02  1.6297323e-25
1.6923097e+02  1.6300990e-25
1.6962122e+02  1.6304678e-25
1.7001236e+02  1.6308387e-25
1.7040441e+02  1.6312117e-25
1.7079737e+02  1.6315868e-25
1.7119123e+02  1.6319640e-25
1.7158600e+02  1.6323433e-25
1.7198168e+02  1.6327248e-25
1.7237827e+02  1.6331084e-25
1.7277577e+02  1.6334942e-25
1.7317419e+02  1.6338821e-25
1.7357354e+02  1.6342722e-25
1.7397380e+02  1.6346645e-25
1.7437498e+02  1.6350589e-25
1.7477709e+02  1.6354556e-25
1.7518013e+02  1.6358544e-25
1.7558410e+02  1.6362554e-25
1.7598899e+02  1.6366587e-25
1.7639483e+02  1.6370641e-25
1.7680159e+02  1.6374718e-25
1.7720930e+02  1.6378818e-25
1.7761795e+02  1.6382940e-25
1.7802753e+02  1.6387084e-25
1.7843807e+02  1.6391251e-25
1.7884955e+02  1.6395440e-25
1.7926198e+02  1.6399653e-25
1.7967535e+02  1.6403888e-25
1.8008969e+02  1.6408146e-25
1.8050498e+02  1.6412427e-25
1.8092122e+02  1.6416732e-25
1.8133843e+02  1.6421059e-25
1.8175659e+02  1.6425410e-25
1.8217573e+02  1.6429784e-25
1.8259583e+02  1.6434182e-25
1.8301689e+02  1.6438603e-25
1.8343893e+02  1.6443047e-25
1.8386194e+02  1.6447516e-25
1.8428593e+02  1.6452008e-25
1.8471089e+02  1.6456524e-25
1.8513684e+02  1.6461064e-25
1.8556377e+02  1.6465628e-25
1.8599168e+02  1.6470217e-25
1.8642058e+02  1.6474829e-25
1.8685046e+02  1.6479466e-25
1.8728134e+02  1.6484127e-25
1.8771321e+02  1.6488813e-25
1.8814608e+02  1.6493523e-25
1.8857995e+02  1.6498258e-25
1.8901482e+02  1.6503018e-25
1.8945068e+02  1.6507803e-25
1.8988756e+02  1.6512612e-25
1.9032544e+02  1.6517447e-25
1.9076433e+02  1.6522307e-25
1.9120424e+02  1.6527191e-25
1.9164516e+02  1.6532102e-25
1.9208709e+02  1.6537038e-25
1.9253005e+02  1.6541999e-25
1.9297402e+02  1.6546986e-25
1.9341902e+02  1.6551998e-25
1.9386505e+02  1.6557037e-25
1.9431210e+02  1.6562101e-25
1.9476019e+02  1.6567191e-25
1.9520930e+02  1.6572307e-25
1.9565946e+02  1.6577450e-25
1.9611065e+02  1.6582619e-25
1.9656288e+02  1.6587814e-25
1.9701616e+02  1.6593036e-25
1.9747048e+02  1.6598284e-25
1.9792585e+02  1.6603559e-25
1.9838227e+02  1.6608861e-25
1.9883974e+02  1.6614189e-25
1.9929826e+02  1.6619545e-25
1.9975785e+02  1.6624928e-25
2.0021849e+02  1.6630338e-25
2.0068020e+02  1.6635775e-25
2.0114297e+02  1.6641240e-25
2.0160680e+02  1.6646732e-25
2.0207171e+02  1.6652252e-25
2.0253769e+02  1.6657799e-25
2.0300474e+02  1.6663375e-25
2.0347287e+02  1.6668978e-25
2.0394208e+02  1.6674609e-25
2.0441237e+02  1.6680269e-25
2.0488375e+02  1.6685957e-25
2.0535621e+02  1.6691673e-25
2.0582977e+02  1.6697418e-25
2.0630441e+02  1.6703192e-25
2.0678015e+02  1.6708994e-25
2.0725699e+02  1.6714825e-25
2.0773492e+02  1.6720685e-25
2.0821396e+02  1.6726574e-25
2.0869411e+02  1.6732493e-25
2.0917536e+02  1.6738441e-25
2.0965772e+02  1.6744418e-25
2.1014119e+02  1.6750425e-25
2.1062578e+02  1.6756462e-25
2.1111148e+02  1.6762529e-25
2.1159831e+02  1.6768626e-25
2.1208625e+02  1.6774753e-25
2.1257533e+02  1.6780910e-25
2.1306553e+02  1.6787098e-25
2.1355686e+02  1.6793317e-25
2.1404932e+02  1.6799567e-25
2.1454292e+02  1.6805847e-25
2.1503766e+02  1.6812159e-25
2.1553354e+02  1.6818502e-25
2.1603056e+02  1.6824877e-25
2.1652873e+02  1.6831284e-25
2.1702804e+02  1.6837723e-25
2.1752851e+02  1.6844194e-25
2.1803013e+02  1.6850697e-25
2.1853291e+02  1.6857234e-25
2.1903685e+02  1.6863804e-25
2.1954195e+02  1.6870407e-25
2.2004822e+02  1.6877043e-25
2.2055565e+02  1.6883715e-25
2.2106425e+02  1.6890420e-25
2.2157403e+02  1.6897161e-25
2.2208498e+02  1.6903938e-25
2.2259711e+02  1.6910751e-25
2.2311042e+02  1.6917601e-25
2.2362491e+02  1.6924489e-25
2.2414060e+02  1.6931415e-25
2.2465747e+02  1.6938382e-25
2.2517553e+02  1.6945389e-25
2.2569478e+02  1.6952440e-25
2.2621524e+02  1.6959535e-25
2.2673689e+02  1.6966677e-25
2.2725975e+02  1.6973869e-25
2.2778381e+02  1.6981115e-25
2.2830908e+02  1.6988418e-25
2.2883556e+02  1.6995785e-25
2.2936326e+02  1.7003222e-25
2.2989217e+02  1.7010740e-25
2.3042231e+02  1.7018352e-25
2.3095366e+02  1.7026074e-25
2.3148624e+02  1.7033933e-25
2.3202005e+02  1.7041963e-25
2.3255509e+02  1.7050218e-25
2.3309137e+02  1.7058776e-25
2.3362888e+02  1.7067766e-25
2.3416763e+02  1.7077401e-25
2.3470762e+02  1.7088058e-25
2.3524886e+02  1.7100463e-25
2.3579134e+02  1.7116153e-25
2.3633508e+02  1.7138892e-25
2.3688007e+02  1.7180030e-25
2.3742632e+02  1.7288492e-25
2.3797382e+02  1.7929473e-25
2.3852259e+02  3.4745075e-25
2.3907263e+02  1.7575815e-25
2.3962393e+02  1.7269605e-25
2.4017651e+02  1.7209909e-25
2.4073036e+02  1.7192911e-25
2.4128548e+02  1.7189040e-25
2.4184189e+02  1.7190519e-25
2.4239958e+02  1.7194591e-25
2.4295855e+02  1.7200078e-25
2.4351882e+02  1.7206410e-25
2.4408037e+02  1.7213283e-25
2.4464322e+02  1.7220524e-25
2.4520737e+02  1.7228027e-25
2.4577282e+02  1.7235727e-25
2.4633958e+02  1.7243580e-25
2.4690764e+02  1.7251557e-25
2.4747701e+02  1.7259636e-25
2.4804769e+02  1.7267803e-25
2.4861969e+02  1.7276047e-25
2.4919301e+02  1.7284361e-25
2.4976765e+02  1.7292738e-25
2.5034362e+02  1.7301173e-25
2.5092091e+02  1.7309664e-25
2.5149954e+02  1.7318207e-25
2.5207950e+02  1.7326801e-25
2.5266080e+02  1.7335443e-25
2.5324343e+02  1.7344133e-25
2.5382742e+02  1.7352869e-25
2.5441274e+02  1.7361650e-25
2.5499942e+02  1.7370476e-25
2.5558745e+02  1.7379346e-25
2.5617684e+02  1.7388259e-25
2.5676758e+02  1.7397216e-25
2.5735969e+02  1.7406216e-25
2.5795317e+02  1.7415259e-25
2.5854801e+02  1.7424345e-25
2.5914422e+02  1.7433473e-25
2.5974181e+02  1.7442643e-25
2.6034078e+02  1.7451856e-25
2.6094112e+02  1.7461111e-25
2.6154286e+02  1.7470409e-25
2.6214598e+02  1.7479749e-25
2.6275049e+02  1.7489132e-25
2.6335639e+02  1.7498556e-25
2.6396369e+02  1.7508024e-25
2.6457240e+02  1.7517534e-25
2.6518250e+02  1.7527086e-25
2.6579401e+02  1.7536682e-25
2.6640694e+02  1.7546320e-25
2.6702127e+02  1.7556001e-25
2.6763703e+02  1.7565725e-25
2.6825420e+02  1.7575492e-25
2.6887280e+02  1.7585303e-25
2.6949282e+02  1.7595156e-25
2.7011427e+02  1.7605054e-25
2.7073716e+02  1.7614994e-25
2.7136148e+02  1.7624979e-25
2.7198724e+02  1.7635007e-25
2.7261444e+02  1.7645079e-25
2.7324310e+02  1.7655196e-25
2.7387320e+02  1.7665356e-25
2.7450475e+02  1.7675561e-25
2.7513776e+02  1.7685811e-25
2.7577223e+02  1.7696105e-25
2.7640816e+02  1.7706443e-25
2.7704556e+02  1.7716827e-25
2.7768443e+02  1.7727256e-25
2.7832477e+02  1.7737730e-25
2.7896659e+02  1.7748249e-25
2.7960989e+02  1.7758814e-25
2.8025467e+02  1.7769425e-25
2.8090094e+02  1.7780081e-25
2.8154870e+02  1.7790783e-25
2.8219796e+02  1.7801532e-25
2.8284871e+02  1.7812326e-25
2.8350096e+02  1.7823167e-25
2.8415471e+02  1.7834055e-25
2.8480998e+02  1.7844989e-25
2.8546675e+02  1.7855970e-25
2.8612504e+02  1.7866999e-25
2.8678485e+02  1.7878074e-25
2.8744617e+02  1.7889197e-25
2.8810903e+02  1.7900367e-25
2.8877341e+02  1.7911584e-25
2.8943932e+02  1.7922850e-25
2.9010677e+02  1.7934164e-25
2.9077576e+02  1.7945525e-25
2.9144629e+02  1.7956935e-25
2.9211837e+02  1.7968394e-25
2.9279200e+02  1.7979901e-25
2.9346718e+02  1.7991457e-25
2.9414391e+02  1.8003061e-25
2.9482221e+02  1.8014715e-25
2.9550207e+02  1.8026418e-25
2.9618350e+02  1.8038171e-25
2.9686651e+02  1.8049973e-25
2.9755108e+02  1.8061825e-25
2.9823724e+02  1.8073726e-25
2.9892498e+02  1.8085678e-25
2.9961430e+02  1.8097680e-25
3.0030521e+02  1.8109733e-25
3.0099772e+02  1.8121836e-25
3.0169182e+02  1.8133990e-25
3.0238752e+02  1.8146195e-25
3.0308483e+02  1.8158451e-25
3.0378375e+02  1.8170758e-25
3.0448428e+02  1.8183116e-25
3.0518642e+02  1.8195526e-25
3.0589018e+02  1.8207988e-25
3.0659557e+02  1.8220502e-25
3.0730258e+02  1.8233068e-25
3.0801122e+02  1.8245687e-25
3.0872150e+02  1.8258358e-25
3.0943341e+02  1.8271081e-25
3.1014697e+02  1.8283857e-25
3.1086217e+02  1.8296686e-25
3.1157902e+02  1.8309569e-25
3.1229752e+02  1.8322505e-25
3.1301768e+02  1.8335494e-25
3.1373950e+02  1.8348537e-25
3.1446299e+02  1.8361634e-25
3.1518814e+02  1.8374784e-25
3.1591497e+02  1.8387989e-25
3.1664347e+02  1.8401249e-25
3.1737365e+02  1.8414563e-25
3.1810552e+02  1.8427932e-25
3.1883907e+02  1.8441356e-25
3.1957432e+02  1.8454834e-25
3.2031126e+02  1.8468368e-25
3.2104990e+02  1.8481958e-25
3.2179024e+02  1.8495603e-25
3.2253229e+02  1.8509304e-25
3.2327606e+02  1.8523062e-25
3.2402153e+02  1.8536875e-25
3.2476873e+02  1.8550745e-25
3.2551765e+02  1.8564671e-25
3.2626829e+02  1.8578654e-25
3.2702067e+02  1.8592694e-25
3.2777478e+02  1.8606791e-25
3.2853063e+02  1.8620946e-25
3.2928823e+02  1.8635157e-25
3.3004757e+02  1.8649427e-25
3.3080866e+02  1.8663754e-25
3.3157151e+02  1.8678140e-25
3.3233612e+02  1.8692584e-25
3.3310249e+02  1.8707086e-25
3.3387062e+02  1.8721647e-25
3.3464053e+02  1.8736266e-25
3.3541221e+02  1.8750945e-25
3.3618568e+02  1.8765683e-25
3.3696092e+02  1.8780480e-25
3.3773796e+02  1.8795336e-25
3.3851679e+02  1.8810253e-25
3.3929741e+02  1.8825229e-25
3.4007983e+02  1.8840266e-25
3.4086406e+02  1.8855363e-25
3.4165009e+02  1.8870520e-25
3.4243794e+02  1.8885738e-25
3.4322760e+02  1.8901017e-25
3.4401909e+02  1.8916357e-25
3.4481240e+02  1.8931759e-25
3.4560754e+02  1.8947221e-25
3.4640451e+02  1.8962746e-25
3.4720333e+02  1.8978333e-25
3.4800398e+02  1.8993981e-25
3.4880648e+02  1.9009692e-25
3.4961083e+02  1.9025465e-25
3.5041703e+02  1.9041301e-25
3.5122510e+02  1.9057200e-25
3.5203503e+02  1.9073162e-25
3.5284682e+02  1.9089187e-25
3.5366049e+02  1.9105276e-25
3.5447603e+02  1.9121428e-25
3.5529346e+02  1.9137644e-25
3.5611277e+02  1.9153924e-25
3.5693397e+02  1.9170269e-25
3.5775706e+02  1.9186678e-25
3.5858205e+02  1.9203151e-25
3.5940894e+02  1.9219690e-25
3.6023774e+02  1.9236293e-25
3.6106845e+02  1.9252962e-25
3.6190108e+02  1.9269696e-25
3.6273563e+02  1.9286496e-25
3.6357210e+02  1.9303362e-25
3.6441050e+02  1.9320294e-25
3.6525083e+02  1.9337292e-25
3.6609310e+02  1.9354357e-25
3.6693731e+02  1.9371489e-25
3.6778347e+02  1.9388687e-25
3.6863159e+02  1.9405953e-25
3.6948165e+02  1.9423286e-25
3.7033368e+02  1.9440686e-25
3.7118767e+02  1.9458154e-25
3.7204364e+02  1.9475690e-25
3.7290157e+02  1.9493294e-25
3.7376148e+02  1.9510967e-25
3.7462338e+02  1.9528708e-25
3.7548727e+02  1.9546518e-25
3.7635314e+02  1.9564397e-25
3.7722102e+02  1.9582346e-25
3.7809089e+02  1.9600363e-25
3.7896277e+02  1.9618451e-25
3.7983666e+02  1.9636608e-25
3.8071257e+02  1.9654835e-25
3.8159049e+02  1.9673133e-25
3.8247044e+02  1.9691501e-25
3.8335242e+02  1.9709940e-25
3.8423644e+02  1.9728449e-25
3.8512249e+02  1.9747030e-25
3.8601059e+02  1.9765683e-25
3.8690073e+02  1.9784406e-25
3.8779292e+02  1.9803202e-25
3.8868718e+02  1.9822070e-25
3.8958349e+02  1.9841009e-25
3.9048188e+02  1.9860022e-25
3.9138233e+02  1.9879107e-25
3.9228486e+02  1.9898265e-25
3.9318947e+02  1.9917495e-25
3.9409617e+02  1.9936800e-25
3.9500496e+02  1.9956178e-25
3.9591584e+02  1.9975629e-25
3.9682883e+02  1.9995155e-25
3.9774392e+02  2.0014755e-25
3.9866112e+02  2.0034429e-25
3.9958044e+02  2.0054178e-25
4.0050187e+02  2.0074002e-25
4.0142543e+02  2.0093901e-25
4.0235112e+02  2.0113875e-25
4.0327895e+02  2.0133925e-25
4.0420891e+02  2.0154050e-25
4.0514102e+02  2.0174252e-25
4.0607528e+02  2.0194530e-25
4.0701169e+02  2.0214884e-25
4.0795026e+02  2.0235315e-25
4.0889100e+02  2.0255823e-25
4.0983390e+02  2.0276408e-25
4.1077898e+02  2.0297070e-25
4.1172624e+02  2.0317810e-25
4.1267569e+02  2.0338628e-25
4.1362732e+02  2.0359524e-25
4.1458115e+02  2.0380498e-25
4.1553718e+02  2.0401551e-25
4.1649541e+02  2.0422682e-25
4.1745585e+02  2.0443893e-25
4.1841851e+02  2.0465183e-25
4.1938338e+02  2.0486552e-25
4.2035048e+02  2.0508001e-25
4.2131982e+02  2.0529529e-25
4.2229138e+02  2.0551138e-25
4.2326519e+02  2.0572828e-25
4.2424124e+02  2.0594598e-25
4.2521955e+02  2.0616448e-25
4.2620010e+02  2.0638380e-25
4.2718293e+02  2.0660394e-25
4.2816801e+02  2.0682488e-25
4.2915537e+02  2.0704665e-25
4.3014501e+02  2.0726924e-25
4.3113692e+02  2.0749265e-25
4.3213113e+02  2.0771688e-25
4.3312763e+02  2.0794195e-25
4.3412642e+02  2.0816784e-25
4.3512752e+02  2.0839457e-25
4.3613093e+02  2.0862213e-25
4.3713665e+02  2.0885053e-25
4.3814469e+02  2.0907977e-25
4.3915506e+02  2.0930985e-25
4.4016775e+02  2.0954077e-25
4.4118278e+02  2.0977255e-25
4.4220015e+02  2.1000517e-25
4.4321987e+02  2.1023865e-25
4.4424194e+02  2.1047298e-25
4.4526636e+02  2.1070817e-25
4.4629315e+02  2.1094422e-25
4.4732231e+02  2.1118113e-25
4.4835383e+02  2.1141891e-25
4.4938774e+02  2.1165756e-25
4.5042403e+02  2.1189708e-25
4.5146271e+02  2.1213747e-25
4.5250379e+02  2.1237874e-25
4.5354727e+02  2.1262089e-25
4.5459315e+02  2.1286392e-25
4.5564145e+02  2.1310784e-25
4.5669216e+02  2.1335265e-25
4.5774529e+02  2.1359836e-25
4.5880086e+02  2.1384496e-25
4.5985886e+02  2.1409247e-25
4.6091930e+02  2.1434089e-25
4.6198218e+02  2.1459023e-25
4.6304751e+02  2.1484050e-25
4.6411530e+02  2.1509170e-25
4.6518556e+02  2.1534386e-25
4.6625828e+02  2.1559700e-25
4.6733347e+02  2.1585117e-25
4.6841115e+02  2.1610641e-25
4.6949131e+02  2.1636285e-25
4.7057396e+02  2.1662069e-25
4.7165911e+02  2.1688038e-25
4.7274676e+02  2.1714301e-25
4.7383691e+02  2.1741199e-25
4.7492958e+02  2.1770253e-25
4.7602478e+02  2.1817957e-25
4.7712249e+02  2.2140873e-25
4.7822274e+02  2.1854329e-25
4.7932553e+02  2.1873264e-25
4.8043085e+02  2.1898062e-25
4.8153873e+02  2.1924005e-25
4.8264916e+02  2.1950374e-25
4.8376216e+02  2.1976973e-25
4.8487772e+02  2.2003733e-25
4.8599585e+02  2.2030624e-25
4.8711656e+02  2.2057632e-25
4.8823985e+02  2.2084749e-25
4.8936574e+02  2.2111971e-25
4.9049422e+02  2.2139295e-25
4.9162530e+02  2.2166720e-25
4.9275899e+02  2.2194245e-25
4.9389530e+02  2.2221869e-25
4.9503423e+02  2.2249593e-25
4.9617578e+02  2.2277416e-25
4.9731996e+02  2.2305338e-25
4.9846679e+02  2.2333358e-25
4.9961626e+02  2.2361479e-25
5.0076837e+02  2.2389698e-25
5.0192315e+02  2.2418017e-25
5.0308059e+02  2.2446436e-25
5.0424070e+02  2.2474954e-25
5.0540348e+02  2.2503573e-25
5.0656894e+02  2.2532292e-25
5.0773710e+02  2.2561112e-25
5.0890794e+02  2.2590033e-25
5.1008149e+02  2.2619055e-25
5.1125774e+02  2.2648179e-25
5.1243670e+02  2.2677404e-25
5.1361839e+02  2.2706731e-25
5.1480279e+02  2.2736160e-25
5.1598993e+02  2.2765691e-25
5.1717981e+02  2.2795326e-25
5.1837243e+02  2.2825063e-25
5.1956780e+02  2.2854904e-25
5.2076593e+02  2.2884848e-25
5.2196682e+02  2.2914896e-25
5.2317048e+02  2.2945049e-25
5.2437691e+02  2.2975305e-25
5.2558613e+02  2.3005667e-25
5.2679814e+02  2.3036133e-25
5.2801294e+02  2.3066704e-25
5.2923054e+02  2.3097381e-25
5.3045095e+02  2.3128164e-25
5.3167417e+02  2.3159053e-25
5.3290022e+02  2.3190049e-25
5.3412909e+02  2.3221151e-25
5.3536079e+02  2.3252360e-25
5.3659534e+02  2.3283676e-25
5.3783273e+02  2.3315100e-25
5.3907298e+02  2.3346631e-25
5.4031609e+02  2.3378271e-25
5.4156206e+02  2.3410019e-25
5.4281090e+02  2.3441876e-25
5.4406263e+02  2.3473842e-25
5.4531724e+02  2.3505917e-25
5.4657475e+02  2.3538102e-25
5.4783515e+02  2.3570396e-25
5.4909847e+02  2.3602801e-25
5.5036469e+02  2.3635316e-25
5.5163384e+02  2.3667942e-25
5.5290591e+02  2.3700679e-25
5.5418091e+02  2.3733527e-25
5.5545886e+02  2.3766487e-25
5.5673975e+02  2.3799559e-25
5.5802360e+02  2.3832743e-25
5.5931040e+02  2.3866040e-25
5.6060018e+02  2.3899449e-25
5.6189293e+02  2.3932972e-25
5.6318866e+02  2.3966608e-25
5.6448737e+02  2.4000358e-25
5.6578909e+02  2.4034222e-25
5.6709380e+02  2.4068201e-25
5.6840152e+02  2.4102294e-25
5.6971226e+02  2.4136502e-25
5.7102602e+02  2.4170825e-25
5.7234281e+02  2.4205264e-25
5.7366264e+02  2.4239819e-25
5.7498551e+02  2.4274490e-25
5.7631143e+02  2.4309277e-25
5.7764041e+02  2.4344181e-25
5.7897245e+02  2.4379203e-25
5.8030757e+02  2.4414342e-25
5.8164576e+02  2.4449598e-25
5.8298704e+02  2.4484973e-25
5.8433141e+02  2.4520466e-25
5.8567889e+02  2.4556078e-25
5.8702947e+02  2.4591809e-25
5.8838316e+02  2.4627659e-25
5.8973998e+02  2.4663629e-25
5.9109992e+02  2.4699719e-25
5.9246300e+02  2.4735929e-25
5.9382923e+02  2.4772260e-25
5.9519860e+02  2.4808711e-25
5.9657113e+02  2.4845284e-25
5.9794683e+02  2.4881979e-25
5.9932570e+02  2.4918795e-25
6.0070775e+02  2.4955733e-25
6.0209299e+02  2.4992795e-25
6.0348142e+02  2.5029978e-25
6.0487305e+02  2.5067286e-25
6.0626789e+02  2.5104716e-25
6.0766595e+02  2.5142271e-25
6.0906723e+02  2.5179949e-25
6.1047175e+02  2.5217753e-25
6.1187950e+02  2.5255681e-25
6.1329050e+02  2.5293734e-25
6.1470475e+02  2.5331912e-25
6.1612226e+02  2.5370217e-25
6.1754305e+02  2.5408647e-25
6.1896711e+02  2.5447204e-25
6.2039445e+02  2.5485888e-25
6.2182508e+02  2.5524699e-25
6.2325902e+02  2.5563638e-25
6.2469626e+02  2.5602704e-25
6.2613681e+02  2.5641899e-25
6.2758069e+02  2.5681222e-25
6.2902789e+02  2.5720674e-25
6.3047844e+02  2.5760255e-25
6.3193232e+02  2.5799965e-25
6.3338957e+02  2.5839806e-25
6.3485017e+02  2.5879776e-25
6.3631414e+02  2.5919877e-25
6.3778148e+02  2.5960109e-25
6.3925221e+02  2.6000473e-25
6.4072633e+02  2.6040968e-25
6.4220385e+02  2.6081594e-25
6.4368478e+02  2.6122354e-25
6.4516912e+02  2.6163245e-25
6.4665688e+02  2.6204270e-25
6.4814808e+02  2.6245428e-25
6.4964271e+02  2.6286720e-25
6.5114080e+02  2.6328146e-25
6.5264233e+02  2.6369706e-25
6.5414733e+02  2.6411401e-25
6.5565580e+02  2.6453231e-25
6.5716775e+02  2.6495196e-25
6.5868318e+02  2.6537297e-25
6.6020211e+02  2.6579535e-25
6.6172454e+02  2.6621909e-25
6.6325048e+02  2.6664420e-25
6.6477994e+02  2.6707068e-25
6.6631293e+02  2.6749853e-25
6.6784945e+02  2.6792777e-25
6.6938952e+02  2.6835839e-25
6.7093314e+02  2.6879040e-25
6.7248031e+02  2.6922380e-25
6.7403106e+02  2.6965859e-25
6.7558538e+02  2.7009479e-25
6.7714328e+02  2.7053238e-25
6.7870478e+02  2.7097138e-25
6.8026988e+02  2.7141179e-25
6.8183859e+02  2.7185361e-25
6.8341091e+02  2.7229685e-25
6.8498686e+02  2.7274151e-25
6.8656645e+02  2.7318760e-25
6.8814967e+02  2.7363511e-25
6.8973655e+02  2.7408406e-25
6.9132709e+02  2.7453444e-25
6.9292130e+02  2.7498627e-25
6.9451918e+02  2.7543954e-25
6.9612074e+02  2.7589427e-25
6.9772600e+02  2.7635045e-25
6.9933497e+02  2.7680809e-25
7.0094764e+02  2.7726721e-25
7.0256403e+02  2.7772781e-25
7.0418415e+02  2.7818990e-25
7.0580800e+02  2.7865352e-25
7.0743560e+02  2.7911872e-25
7.0906695e+02  2.7958562e-25
7.1070206e+02  2.8005461e-25
7.1234095e+02  2.8052734e-25
7.1398361e+02  2.8102095e-25
7.1563006e+02  2.8197817e-25
7.1728031e+02  2.8195163e-25
7.1893437e+02  2.8241783e-25
7.2059223e+02  2.8289268e-25
7.2225393e+02  2.8337031e-25
7.2391945e+02  2.8384984e-25
7.2558881e+02  2.8433105e-25
7.2726203e+02  2.8481386e-25
7.2893910e+02  2.8529824e-25
7.3062004e+02  2.8578418e-25
7.3230485e+02  2.8627166e-25
7.3399355e+02  2.8676069e-25
7.3568615e+02  2.8725127e-25
7.3738265e+02  2.8774340e-25
7.3908306e+02  2.8823708e-25
7.4078739e+02  2.8873232e-25
7.4249565e+02  2.8922912e-25
7.4420785e+02  2.8972749e-25
7.4592400e+02  2.9022742e-25
7.4764410e+02  2.9072892e-25
7.4936818e+02  2.9123200e-25
7.5109623e+02  2.9173666e-25
7.5282826e+02  2.9224291e-25
7.5456429e+02  2.9275074e-25
7.5630432e+02  2.9326017e-25
7.5804836e+02  2.9377119e-25
7.5979643e+02  2.9428381e-25
7.6154852e+02  2.9479804e-25
7.6330466e+02  2.9531387e-25
7.6506485e+02  2.9583132e-25
7.6682909e+02  2.9635039e-25
7.6859741e+02  2.9687108e-25
7.7036980e+02  2.9739340e-25
7.7214628e+02  2.9791735e-25
7.7392685e+02  2.9844293e-25
7.7571153e+02  2.9897016e-25
7.7750033e+02  2.9949902e-25
7.7929325e+02  3.0002954e-25
7.8109031e+02  3.0056171e-25
7.8289151e+02  3.0109554e-25
7.8469686e+02  3.0163103e-25
7.8650638e+02  3.0216818e-25
7.8832007e+02  3.0270701e-25
7.9013794e+02  3.0324751e-25
7.9196000e+02  3.0378969e-25
7.9378627e+02  3.0433356e-25
7.9561675e+02  3.0487912e-25
7.9745144e+02  3.0542637e-25
7.9929037e+02  3.0597531e-25
8.0113354e+02  3.0652597e-25
8.0298096e+02  3.0707832e-25
8.0483264e+02  3.0763240e-25
8.0668859e+02  3.0818818e-25
8.0854882e+02  3.0874569e-25
8.1041334e+02  3.0930493e-25
8.1228216e+02  3.0986590e-25
8.1415529e+02  3.1042860e-25
8.1603274e+02  3.1099304e-25
8.1791452e+02  3.1155923e-25
8.1980064e+02  3.1212717e-25
8.2169110e+02  3.1269686e-25
8.2358593e+02  3.1326832e-25
8.2548512e+02  3.1384154e-25
8.2738870e+02  3.1441652e-25
8.2929666e+02  3.1499328e-25
8.3120903e+02  3.1557182e-25
8.3312580e+02  3.1615215e-25
8.3504700e+02  3.1673426e-25
8.3697262e+02  3.1731817e-25
8.3890269e+02  3.1790387e-25
8.4083720e+02  3.1849138e-25
8.4277618e+02  3.1908070e-25
8.4471963e+02  3.1967183e-25
8.4666756e+02  3.2026479e-25
8.4861998e+02  3.2085956e-25
8.5057690e+02  3.2145616e-25
8.5253834e+02  3.2205460e-25
8.5450430e+02  3.2265488e-25
8.5647479e+02  3.2325700e-25
8.5844983e+02  3.2386097e-25
8.6042942e+02  3.2446679e-25
8.6241358e+02  3.2507448e-25
8.6440231e+02  3.2568403e-25
8.6639563e+02  3.2629545e-25
8.6839354e+02  3.2690874e-25
8.7039607e+02  3.2752392e-25
8.7240321e+02  3.2814098e-25
8.7441498e+02  3.2875993e-25
8.7643138e+02  3.2938078e-25
8.7845244e+02  3.3000353e-25
8.8047816e+02  3.3062819e-25
8.8250855e+02  3.3125476e-25
8.8454362e+02  3.3188324e-25
8.8658338e+02  3.3251365e-25
8.8862785e+02  3.3314599e-25
8.9067703e+02  3.3378027e-25
8.9273094e+02  3.3441648e-25
8.9478959e+02  3.3505464e-25
8.9685298e+02  3.3569475e-25
8.9892113e+02  3.3633682e-25
9.0099405e+02  3.3698084e-25
9.0307175e+02  3.3762684e-25
9.0515424e+02  3.3827481e-25
9.0724153e+02  3.3892475e-25
9.0933364e+02  3.3957669e-25
9.1143057e+02  3.4023061e-25
9.1353233e+02  3.4088652e-25
9.1563894e+02  3.4154444e-25
9.1775041e+02  3.4220437e-25
9.1986675e+02  3.4286631e-25
9.2198797e+02  3.4353027e-25
9.2411408e+02  3.4419625e-25
9.2624510e+02  3.4486426e-25
9.2838103e+02  3.4553431e-25
9.3052188e+02  3.4620641e-25
9.3266767e+02  3.4688055e-25
9.3481841e+02  3.4755675e-25
9.3697411e+02  3.4823502e-25
9.3913478e+02  3.4891536e-25
9.4130043e+02  3.4959778e-25
9.4347108e+02  3.5028231e-25
9.4564673e+02  3.5096897e-25
9.4782740e+02  3.5165787e-25
9.5001309e+02  3.5234946e-25
9.5220383e+02  3.5304906e-25
9.5439962e+02  3.5378303e-25
9.5660047e+02  3.5443529e-25
9.5880640e+02  3.5513282e-25
9.6101742e+02  3.5583374e-25
9.6323353e+02  3.5653703e-25
9.6545475e+02  3.5724254e-25
9.6768110e+02  3.5795022e-25
9.6991258e+02  3.5866007e-25
9.7214920e+02  3.5937210e-25
9.7439099e+02  3.6008629e-25
9.7663794e+02  3.6080265e-25
9.7889008e+02  3.6152120e-25
9.8114740e+02  3.6224193e-25
9.8340994e+02  3.6296485e-25
9.8567769e+02  3.6368997e-25
9.8795067e+02  3.6441730e-25
9.9022889e+02  3.6514683e-25
9.9251237e+02  3.6587859e-25
9.9480111e+02  3.6661257e-25
9.9709513e+02  3.6734878e-25
9.9939443e+02  3.6808722e-25
1.0016990e+03  3.6882791e-25
1.0040090e+03  3.6957085e-25
1.0063242e+03  3.7031605e-25
1.0086448e+03  3.7106351e-25
1.0109708e+03  3.7181324e-25
1.0133021e+03  3.7256526e-25
1.0156387e+03  3.7331955e-25
1.0179808e+03  3.7407614e-25
1.0203283e+03  3.7483503e-25
1.0226812e+03  3.7559622e-25
1.0250395e+03  3.7635973e-25
1.0274032e+03  3.7712555e-25
1.0297724e+03  3.7789371e-25
1.0321471e+03  3.7866419e-25
1.0345272e+03  3.7943702e-25
1.0369129e+03  3.8021220e-25
1.0393040e+03  3.8098973e-25
1.0417006e+03  3.8176963e-25
1.0441028e+03  3.8255190e-25
1.0465105e+03  3.8333654e-25
1.0489238e+03  3.8412357e-25
1.0513426e+03  3.8491299e-25
1.0537670e+03  3.8570481e-25
1.0561970e+03  3.8649904e-25
1.0586326e+03  3.8729569e-25
1.0610738e+03  3.8809476e-25
1.0635207e+03  3.8889625e-25
1.0659731e+03  3.8970019e-25
1.0684313e+03  3.9050657e-25
1.0708951e+03  3.9131540e-25
1.0733646e+03  3.9212669e-25
1.0758398e+03  3.9294046e-25
1.0783207e+03  3.9375670e-25
1.0808073e+03  3.9457542e-25
1.0832996e+03  3.9539664e-25
1.0857977e+03  3.9622035e-25
1.0883016e+03  3.9704657e-25
1.0908112e+03  3.9787531e-25
1.0933266e+03  3.9870658e-25
1.0958479e+03  3.9954037e-25
1.0983749e+03  4.0037671e-25
1.1009078e+03  4.0121559e-25
1.1034465e+03  4.0205703e-25
1.1059910e+03  4.0290104e-25
1.1085414e+03  4.0374762e-25
1.1110977e+03  4.0459678e-25
1.1136599e+03  4.0544853e-25
1.1162281e+03  4.0630287e-25
1.1188021e+03  4.0715983e-25
1.1213820e+03  4.0801940e-25
1.1239680e+03  4.0888159e-25
1.1265598e+03  4.0974641e-25
1.1291577e+03  4.1061388e-25
1.1317615e+03  4.1148399e-25
1.1343714e+03  4.1235677e-25
1.1369873e+03  4.1323221e-25
1.1396092e+03  4.1411032e-25
1.1422371e+03  4.1499112e-25
1.1448711e+03  4.1587462e-25
1.1475112e+03  4.1676081e-25
1.1501574e+03  4.1764972e-25
1.1528096e+03  4.1854135e-25
1.1554680e+03  4.1943570e-25
1.1581325e+03  4.2033280e-25
1.1608032e+03  4.2123264e-25
1.1634800e+03  4.2213524e-25
1.1661630e+03  4.2304061e-25
1.1688522e+03  4.2394875e-25
1.1715476e+03  4.2485968e-25
1.1742492e+03  4.2577341e-25
1.1769570e+03  4.2668994e-25
1.1796711e+03  4.2760930e-25
1.1823914e+03  4.2853150e-25
1.1851180e+03  4.2945658e-25
1.1878509e+03  4.3038474e-25
1.1905901e+03  4.3131872e-25
1.1933356e+03  4.3225594e-25
1.1960875e+03  4.3318550e-25
1.1988456e+03  4.3412437e-25
1.2016102e+03  4.3506645e-25
1.2043811e+03  4.3601150e-25
1.2071584e+03  4.3695947e-25
1.2099421e+03  4.3791038e-25
1.2127323e+03  4.3886423e-25
1.2155288e+03  4.3982101e-25
1.2183319e+03  4.4078075e-25
1.2211413e+03  4.4174346e-25
1.2239573e+03  4.4270913e-25
1.2267798e+03  4.4367779e-25
1.2296087e+03  4.4464945e-25
1.2324442e+03  4.4562410e-25
1.2352862e+03  4.4660177e-25
1.2381348e+03  4.4758247e-25
1.2409900e+03  4.4856620e-25
1.2438517e+03  4.4955298e-25
1.2467200e+03  4.5054282e-25
1.2495950e+03  4.5153572e-25
1.2524766e+03  4.5253170e-25
1.2553648e+03  4.5353078e-25
1.2582597e+03  4.5453295e-25
1.2611612e+03  4.5553824e-25
1.2640695e+03  4.5654665e-25
1.2669844e+03  4.5755819e-25
1.2699061e+03  4.5857288e-25
1.2728345e+03  4.5959073e-25
1.2757697e+03  4.6061175e-25
1.2787116e+03  4.6163595e-25
1.2816603e+03  4.6266334e-25
1.2846158e+03  4.6369393e-25
1.2875782e+03  4.6472774e-25
1.2905473e+03  4.6576478e-25
1.2935233e+03  4.6680506e-25
1.2965062e+03  4.6784859e-25
1.2994960e+03  4.6889538e-25
1.3024926e+03  4.6994544e-25
1.3054962e+03  4.7099880e-25
1.3085067e+03  4.7205545e-25
1.3115241e+03  4.7311542e-25
1.3145485e+03  4.7417871e-25
1.3175798e+03  4.7524534e-25
1.3206182e+03  4.7631532e-25
1.3236635e+03  4.7738866e-25
1.3267159e+03  4.7846538e-25
1.3297753e+03  4.7954548e-25
1.3328418e+03  4.8062898e-25
1.3359154e+03  4.8171590e-25
1.3389960e+03  4.8280624e-25
1.3420837e+03  4.8390003e-25
1.3451786e+03  4.8499726e-25
1.3482806e+03  4.8609797e-25
1.3513897e+03  4.8720215e-25
1.3545060e+03  4.8830982e-25
1.3576295e+03  4.8942101e-25
1.3607602e+03  4.9053571e-25
1.3638982e+03  4.9165394e-25
1.3670433e+03  4.9277573e-25
1.3701957e+03  4.9390107e-25
1.3733554e+03  4.9502999e-25
1.3765224e+03  4.9616250e-25
1.3796966e+03  4.9729861e-25
1.3828782e+03  4.9843834e-25
1.3860672e+03  4.9958170e-25
1.3892634e+03  5.0072871e-25
1.3924671e+03  5.0187938e-25
1.3956781e+03  5.0303373e-25
1.3988966e+03  5.0419176e-25
1.4021224e+03  5.0535350e-25
1.4053558e+03  5.0651897e-25
1.4085965e+03  5.0768816e-25
1.4118448e+03  5.0886111e-25
1.4151005e+03  5.1003783e-25
1.4183637e+03  5.1121833e-25
1.4216345e+03  5.1240265e-25
1.4249128e+03  5.1359086e-25
1.4281986e+03  5.1478359e-25
1.4314921e+03  5.1598626e-25
1.4347931e+03  5.1717833e-25
1.4381017e+03  5.1838160e-25
1.4414180e+03  5.1958894e-25
1.4447419e+03  5.2080021e-25
1.4480735e+03  5.2201542e-25
1.4514128e+03  5.2323458e-25
1.4547598e+03  5.2445769e-25
1.4581144e+03  5.2568477e-25
1.4614769e+03  5.2691585e-25
1.4648470e+03  5.2815093e-25
1.4682250e+03  5.2939003e-25
1.4716107e+03  5.3063318e-25
1.4750043e+03  5.3188038e-25
1.4784056e+03  5.3313165e-25
1.4818149e+03  5.3438702e-25
1.4852319e+03  5.3564650e-25
1.4886569e+03  5.3691010e-25
1.4920897e+03  5.3817785e-25
1.4955305e+03  5.3944976e-25
1.4989792e+03  5.4072585e-25
1.5024359e+03  5.4200614e-25
1.5059005e+03  5.4329065e-25
1.5093731e+03  5.4457940e-25
1.5128538e+03  5.4587239e-25
1.5163424e+03  5.4716967e-25
1.5198391e+03  5.4847123e-25
1.5233439e+03  5.4977710e-25
1.5268567e+03  5.5108731e-25
1.5303776e+03  5.5240186e-25
1.5339067e+03  5.5372079e-25
1.5374439e+03  5.5504410e-25
1.5409893e+03  5.5637182e-25
1.5445428e+03  5.5770397e-25
1.5481045e+03  5.5904056e-25
1.5516745e+03  5.6038163e-25
1.5552526e+03  5.6172718e-25
1.5588391e+03  5.6307724e-25
1.5624338e+03  5.6443184e-25
1.5660367e+03  5.6579098e-25
1.5696480e+03  5.6715469e-25
1.5732677e+03  5.6852300e-25
1.5768956e+03  5.6989592e-25
1.5805320e+03  5.7127348e-25
1.5841767e+03  5.7265569e-25
1.5878298e+03  5.7404259e-25
1.5914913e+03  5.7543418e-25
1.5951613e+03  5.7683050e-25
1.5988398e+03  5.7823157e-25
1.6025267e+03  5.7963740e-25
1.6062222e+03  5.8104802e-25
1.6099261e+03  5.8246346e-25
1.6136386e+03  5.8388373e-25
1.6173597e+03  5.8530886e-25
1.6210893e+03  5.8673888e-25
1.6248276e+03  5.8817380e-25
1.6285744e+03  5.8961366e-25
1.6323300e+03  5.9105847e-25
1.6360941e+03  5.9250826e-25
1.6398670e+03  5.9396305e-25
1.6436485e+03  5.9542288e-25
1.6474388e+03  5.9688775e-25
1.6512378e+03  5.9835771e-25
1.6550456e+03  5.9983278e-25
1.6588621e+03  6.0131298e-25
1.6626874e+03  6.0279838e-25
1.6665216e+03  6.0428942e-25
1.6703646e+03  6.0578691e-25
1.6742165e+03  6.0728564e-25
1.6780773e+03  6.0879176e-25
1.6819469e+03  6.1030324e-25
1.6858255e+03  6.1182006e-25
1.6897130e+03  6.1334221e-25
1.6936095e+03  6.1486974e-25
1.6975150e+03  6.1640267e-25
1.7014295e+03  6.1794102e-25
1.7053530e+03  6.1948483e-25
1.7092855e+03  6.2103411e-25
1.7132272e+03  6.2258891e-25
1.7171779e+03  6.2414925e-25
1.7211377e+03  6.2571515e-25
1.7251067e+03  6.2728665e-25
1.7290848e+03  6.2886378e-25
1.7330721e+03  6.3044657e-25
1.7370685e+03  6.3203505e-25
1.7410742e+03  6.3362925e-25
1.7450892e+03  6.3522920e-25
1.7491133e+03  6.3683492e-25
1.7531468e+03  6.3844647e-25
1.7571896e+03  6.4006385e-25
1.7612417e+03  6.4168712e-25
1.7653031e+03  6.4331629e-25
1.7693739e+03  6.4495141e-25
1.7734541e+03  6.4659250e-25
1.7775437e+03  6.4823960e-25
1.7816427e+03  6.4989275e-25
1.7857512e+03  6.5155197e-25
1.7898692e+03  6.5321730e-25
1.7939966e+03  6.5488878e-25
1.7981336e+03  6.5656644e-25
1.8022801e+03  6.5825032e-25
1.8064362e+03  6.5994045e-25
1.8106018e+03  6.6163687e-25
1.8147771e+03  6.6333961e-25
1.8189620e+03  6.6504871e-25
1.8231565e+03  6.6676422e-25
1.8273607e+03  6.6848616e-25
1.8315746e+03  6.7021457e-25
1.8357983e+03  6.7194950e-25
1.8400316e+03  6.7369098e-25
1.8442748e+03  6.7543905e-25
1.8485277e+03  6.7719376e-25
1.8527904e+03  6.7895513e-25
1.8570629e+03  6.8072322e-25
1.8613453e+03  6.8249805e-25
1.8656376e+03  6.8427969e-25
1.8699398e+03  6.8606815e-25
1.8742519e+03  6.8786350e-25
1.8785739e+03  6.8966576e-25
1.8829059e+03  6.9147499e-25
1.8872479e+03  6.9329123e-25
1.8915999e+03  6.9511452e-25
1.8959620e+03  6.9694491e-25
1.9003341e+03  6.9878247e-25
1.9047163e+03  7.0062751e-25
1.9091086e+03  7.0248024e-25
1.9135110e+03  7.0433836e-25
1.9179235e+03  7.0620485e-25
1.9223463e+03  7.0807875e-25
1.9267792e+03  7.0996008e-25
1.9312224e+03  7.1184889e-25
1.9356758e+03  7.1374521e-25
1.9401395e+03  7.1564911e-25
1.9446135e+03  7.1756063e-25
1.9490978e+03  7.1947982e-25
1.9535924e+03  7.2140673e-25
1.9580974e+03  7.2334141e-25
1.9626128e+03  7.2528392e-25
1.9671386e+03  7.2723431e-25
1.9716748e+03  7.2919264e-25
1.9762215e+03  7.3115896e-25
1.9807787e+03  7.3313332e-25
1.9853464e+03  7.3511578e-25
1.9899246e+03  7.3710640e-25
1.9945134e+03  7.3910524e-25
1.9991128e+03  7.4111235e-25
2.0037227e+03  7.4312779e-25
2.0083433e+03  7.4515162e-25
2.0129746e+03  7.4718390e-25
2.0176165e+03  7.4922470e-25
2.0222692e+03  7.5127407e-25
2.0269325e+03  7.5333208e-25
2.0316067e+03  7.5539879e-25
2.0362916e+03  7.5747427e-25
2.0409873e+03  7.5955858e-25
2.0456938e+03  7.6165178e-25
2.0504112e+03  7.6375395e-25
2.0551394e+03  7.6586514e-25
2.0598786e+03  7.6798544e-25
2.0646287e+03  7.7011491e-25
2.0693898e+03  7.7225361e-25
2.0741618e+03  7.7440163e-25
2.0789448e+03  7.7655902e-25
2.0837389e+03  7.7872588e-25
2.0885440e+03  7.8090226e-25
2.0933602e+03  7.8308825e-25
2.0981875e+03  7.8528393e-25
2.1030259e+03  7.8748936e-25
2.1078755e+03  7.8970463e-25
2.1127363e+03  7.9192982e-25
2.1176083e+03  7.9416501e-25
2.1224915e+03  7.9641027e-25
2.1273860e+03  7.9866571e-25
2.1322918e+03  8.0093139e-25
2.1372088e+03  8.0320742e-25
2.1421373e+03  8.0549399e-25
2.1470771e+03  8.0779277e-25
2.1520282e+03  8.1009835e-25
2.1569908e+03  8.1241653e-25
2.1619649e+03  8.1474552e-25
2.1669504e+03  8.1708538e-25
2.1719474e+03  8.1943622e-25
2.1769559e+03  8.2179812e-25
2.1819760e+03  8.2417118e-25
2.1870076e+03  8.2655550e-25
2.1920509e+03  8.2895118e-25
2.1971058e+03  8.3135832e-25
2.2021723e+03  8.3377703e-25
2.2072505e+03  8.3620741e-25
2.2123405e+03  8.3864957e-25
2.2174421e+03  8.4110361e-25
2.2225556e+03  8.4356965e-25
2.2276808e+03  8.4604780e-25
2.2328179e+03  8.4853817e-25
2.2379668e+03  8.5104088e-25
2.2431275e+03  8.5355605e-25
2.2483002e+03  8.5608379e-25
2.2534848e+03  8.5862424e-25
2.2586814e+03  8.6117750e-25
2.2638899e+03  8.6374371e-25
2.2691104e+03  8.6632299e-25
2.2743430e+03  8.6891548e-25
2.2795877e+03  8.7152130e-25
2.2848444e+03  8.7414436e-25
2.2901133e+03  8.7678105e-25
2.2953943e+03  8.7943148e-25
2.3006875e+03  8.8209579e-25
2.3059929e+03  8.8477411e-25
2.3113105e+03  8.8746659e-25
2.3166404e+03  8.9017339e-25
2.3219826e+03  8.9289466e-25
2.3273371e+03  8.9563054e-25
2.3327040e+03  8.9838120e-25
2.3380832e+03  9.0114680e-25
2.3434749e+03  9.0392750e-25
2.3488789e+03  9.0672346e-25
2.3542955e+03  9.0953486e-25
2.3597245e+03  9.1236186e-25
2.3651660e+03  9.1520466e-25
2.3706201e+03  9.1806341e-25
2.3760868e+03  9.2093833e-25
2.3815661e+03  9.2382982e-25
2.3870580e+03  9.2673760e-25
2.3925626e+03  9.2966175e-25
2.3980798e+03  9.3260309e-25
2.4036098e+03  9.3556156e-25
2.4091526e+03  9.3853735e-25
2.4147081e+03  9.4153066e-25
2.4202764e+03  9.4454170e-25
2.4258576e+03  9.4757070e-25
2.4314516e+03  9.5061788e-25
2.4370586e+03  9.5368345e-25
2.4426785e+03  9.5676765e-25
2.4483113e+03  9.5987073e-25
2.4539571e+03  9.6299291e-25
2.4596160e+03  9.6613444e-25
2.4652879e+03  9.6929557e-25
2.4709728e+03  9.7247657e-25
2.4766709e+03  9.7567769e-25
2.4823821e+03  9.7889919e-25
2.4881065e+03  9.8214135e-25
2.4938441e+03  9.8540446e-25
2.4995949e+03  9.8868879e-25
2.5053590e+03  9.9199464e-25
2.5111364e+03  9.9532230e-25
2.5169271e+03  9.9867208e-25
2.5227312e+03  1.0020443e-24
2.5285486e+03  1.0054392e-24
2.5343794e+03  1.0088573e-24
2.5402237e+03  1.0122987e-24
2.5460815e+03  1.0157639e-24
2.5519528e+03  1.0192532e-24
2.5578376e+03  1.0227670e-24
2.5637360e+03  1.0263055e-24
2.5696480e+03  1.0298693e-24
2.5755736e+03  1.0334586e-24
2.5815129e+03  1.0370740e-24
2.5874659e+03  1.0407156e-24
2.5934326e+03  1.0443841e-24
2.5994131e+03  1.0480798e-24
2.6054074e+03  1.0518032e-24
2.6114155e+03  1.0555546e-24
2.6174374e+03  1.0593346e-24
2.6234732e+03  1.0631495e-24
2.6295230e+03  1.0669821e-24
2.6355867e+03  1.0708505e-24
2.6416644e+03  1.0747494e-24
2.6477561e+03  1.0786794e-24
2.6538618e+03  1.0826408e-24
2.6599816e+03  1.0866344e-24
2.6661156e+03  1.0906606e-24
2.6722637e+03  1.0947200e-24
2.6784259e+03  1.0988133e-24
2.6846024e+03  1.1029409e-24
2.6907931e+03  1.1071036e-24
2.6969981e+03  1.1113019e-24
2.7032174e+03  1.1155366e-24
2.7094510e+03  1.1198083e-24
2.7156991e+03  1.1241178e-24
2.7219615e+03  1.1284656e-24
2.7282383e+03  1.1328527e-24
2.7345297e+03  1.1372796e-24
2.7408355e+03  1.1417473e-24
2.7471559e+03  1.1462565e-24
2.7534909e+03  1.1508081e-24
2.7598405e+03  1.1554028e-24
2.7662047e+03  1.1600417e-24
2.7725836e+03  1.1647255e-24
2.7789772e+03  1.1694553e-24
2.7853855e+03  1.1742319e-24
2.7918086e+03  1.1790564e-24
2.7982465e+03  1.1839299e-24
2.8046993e+03  1.1888533e-24
2.8111670e+03  1.1938278e-24
2.8176496e+03  1.1988545e-24
2.8241471e+03  1.2039346e-24
2.8306596e+03  1.2090692e-24
2.8371871e+03  1.2142596e-24
2.8437297e+03  1.2195072e-24
2.8502873e+03  1.2248131e-24
2.8568601e+03  1.2301790e-24
2.8634481e+03  1.2356064e-24
2.8700512e+03  1.2410955e-24
2.8766696e+03  1.2466494e-24
2.8833032e+03  1.2522691e-24
2.8899521e+03  1.2579562e-24
2.8966164e+03  1.2637124e-24
2.9032960e+03  1.2695395e-24
2.9099910e+03  1.2754392e-24
2.9167015e+03  1.2814136e-24
2.9234274e+03  1.2874644e-24
2.9301688e+03  1.2935938e-24
2.9369258e+03  1.2998038e-24
2.9436984e+03  1.3060967e-24
2.9504866e+03  1.3124747e-24
2.9572904e+03  1.3189401e-24
2.9641100e+03  1.3254954e-24
2.9709452e+03  1.3321431e-24
2.9777963e+03  1.3388859e-24
2.9846631e+03  1.3457266e-24
2.9915457e+03  1.3526680e-24
2.9984443e+03  1.3597130e-24
3.0053587e+03  1.3668648e-24
3.0122891e+03  1.3741267e-24
3.0192354e+03  1.3815019e-24
3.0261978e+03  1.3889941e-24
3.0331763e+03  1.3966068e-24
3.0401708e+03  1.4043440e-24
3.0471814e+03  1.4122095e-24
3.0542083e+03  1.4202076e-24
3.0612513e+03  1.4283427e-24
3.0683106e+03  1.4366192e-24
3.0753861e+03  1.4450419e-24
3.0824780e+03  1.4536159e-24
3.0895862e+03  1.4623464e-24
3.0967108e+03  1.4712392e-24
3.1038518e+03  1.4802989e-24
3.1110093e+03  1.4895324e-24
3.1181833e+03  1.4989459e-24
3.1253739e+03  1.5085459e-24
3.1325810e+03  1.5183394e-24
3.1398048e+03  1.5283335e-24
3.1470452e+03  1.5385361e-24
3.1543023e+03  1.5489550e-24
3.1615762e+03  1.5595987e-24
3.1688668e+03  1.5704761e-24
3.1761742e+03  1.5815967e-24
3.1834985e+03  1.5929701e-24
3.1908397e+03  1.6046069e-24
3.1981978e+03  1.6165179e-24
3.2055728e+03  1.6287148e-24
3.2129649e+03  1.6412098e-24
3.2203740e+03  1.6540157e-24
3.2278002e+03  1.6671462e-24
3.2352436e+03  1.6806157e-24
3.2427041e+03  1.6944395e-24
3.2501818e+03  1.7086337e-24
3.2576767e+03  1.7232155e-24
3.2651889e+03  1.7382031e-24
3.2727185e+03  1.7536157e-24
3.2802654e+03  1.7694737e-24
3.2878297e+03  1.7857990e-24
3.2954115e+03  1.8026146e-24
3.3030107e+03  1.8199451e-24
3.3106275e+03  1.8378167e-24
3.3182618e+03  1.8562573e-24
3.3259138e+03  1.8752965e-24
3.3335833e+03  1.8949662e-24
3.3412706e+03  1.9153002e-24
3.3489756e+03  1.9363334e-24
3.3566984e+03  1.9581059e-24
3.3644389e+03  1.9806585e-24
3.3721974e+03  2.0040351e-24
3.3799737e+03  2.0282830e-24
3.3877679e+03  2.0534526e-24
3.3955801e+03  2.0795980e-24
3.4034104e+03  2.1067771e-24
3.4112587e+03  2.1350521e-24
3.4191251e+03  2.1644895e-24
3.4270096e+03  2.1951607e-24
3.4349123e+03  2.2271420e-24
3.4428332e+03  2.2605155e-24
3.4507724e+03  2.2953688e-24
3.4587299e+03  2.3317959e-24
3.4667058e+03  2.3698971e-24
3.4747000e+03  2.4097798e-24
3.4827127e+03  2.4515580e-24
3.4907439e+03  2.4953533e-24
3.4987936e+03  2.5412944e-24
3.5068618e+03  2.5895172e-24
3.5149487e+03  2.6401641e-24
3.5230542e+03  2.6933841e-24
3.5311784e+03  2.7493305e-24
3.5393213e+03  2.8081603e-24
3.5474830e+03  2.8700307e-24
3.5556635e+03  2.9350961e-24
3.5638629e+03  3.0035029e-24
3.5720812e+03  3.0753831e-24
3.5803184e+03  3.1508433e-24
3.5885747e+03  3.2299540e-24
3.5968500e+03  3.3127378e-24
3.6051443e+03  3.3991428e-24
3.6134578e+03  3.4890213e-24
3.6217905e+03  3.5820989e-24
3.6301424e+03  3.6779370e-24
3.6385135e+03  3.7758906e-24
3.6469039e+03  3.8750616e-24
3.6553137e+03  3.9742503e-24
3.6637429e+03  4.0719129e-24
3.6721915e+03  4.1661318e-24
3.6806596e+03  4.2546115e-24
3.6891472e+03  4.3347160e-24
3.6976544e+03  4.4035592e-24
3.7061813e+03  4.4581619e-24
3.7147277e+03  4.4956715e-24
3.7232939e+03  4.5136272e-24
3.7318799e+03  4.5102363e-24
3.7404856e+03  4.4846082e-24
3.7491112e+03  4.4368976e-24
3.7577567e+03  4.3683179e-24
3.7664221e+03  4.2810211e-24
3.7751075e+03  4.1778673e-24
3.7838129e+03  4.0621348e-24
3.7925384e+03  3.9372261e-24
3.8012841e+03  3.8064153e-24
3.8100498e+03  3.6726640e-24
3.8188359e+03  3.5385099e-24
3.8276421e+03  3.4060238e-24
3.8364687e+03  3.2768243e-24
3.8453156e+03  3.1521060e-24
3.8541829e+03  3.0327030e-24
3.8630707e+03  2.9191505e-24
3.8719790e+03  2.8117450e-24
3.8809078e+03  2.7105982e-24
3.8898572e+03  2.6156841e-24
3.8988272e+03  2.5268766e-24
3.9078180e+03  2.4439794e-24
3.9168294e+03  2.3667504e-24
3.9258617e+03  2.2949188e-24
3.9349147e+03  2.2281987e-24
3.9439887e+03  2.1662993e-24
3.9530835e+03  2.1089312e-24
3.9621994e+03  2.0558117e-24
3.9713362e+03  2.0066678e-24
3.9804942e+03  1.9612386e-24
3.9896732e+03  1.9192763e-24
3.9988734e+03  1.8805466e-24
4.0080949e+03  1.8448293e-24
4.0173376e+03  1.8119177e-24
4.0266016e+03  1.7816184e-24
4.0358870e+03  1.7537509e-24
4.0451937e+03  1.7281468e-24
4.0545220e+03  1.7046576e-24
4.0638718e+03  1.6831118e-24
4.0732431e+03  1.6633992e-24
4.0826360e+03  1.6453851e-24
4.0920506e+03  1.6289521e-24
4.1014869e+03  1.6139914e-24
4.1109450e+03  1.6004018e-24
4.1204248e+03  1.5880893e-24
4.1299266e+03  1.5769667e-24
4.1394502e+03  1.5669531e-24
4.1489958e+03  1.5579734e-24
4.1585634e+03  1.5499577e-24
4.1681531e+03  1.5428415e-24
4.1777649e+03  1.5365645e-24
4.1873988e+03  1.5310711e-24
4.1970550e+03  1.5263094e-24
4.2067335e+03  1.5222314e-24
4.2164342e+03  1.5187924e-24
4.2261574e+03  1.5159511e-24
4.2359029e+03  1.5136688e-24
4.2456709e+03  1.5119100e-24
4.2554615e+03  1.5106413e-24
4.2652746e+03  1.5098319e-24
4.2751104e+03  1.5094532e-24
4.2849688e+03  1.5094784e-24
4.2948500e+03  1.5098831e-24
4.3047539e+03  1.5106432e-24
4.3146807e+03  1.5117383e-24
4.3246304e+03  1.5131482e-24
4.3346030e+03  1.5148543e-24
4.3445987e+03  1.5168392e-24
4.3546173e+03  1.5190869e-24
4.3646591e+03  1.5215824e-24
4.3747241e+03  1.5243118e-24
4.3848122e+03  1.5272620e-24
4.3949236e+03  1.5304209e-24
4.4050583e+03  1.5337772e-24
4.4152164e+03  1.5373204e-24
4.4253980e+03  1.5410406e-24
4.4356030e+03  1.5449286e-24
4.4458315e+03  1.5489760e-24
4.4560836e+03  1.5531747e-24
4.4663594e+03  1.5575172e-24
4.4766588e+03  1.5619966e-24
4.4869821e+03  1.5666063e-24
4.4973291e+03  1.5713404e-24
4.5076999e+03  1.5761931e-24
4.5180947e+03  1.5811591e-24
4.5285135e+03  1.5862341e-24
4.5389563e+03  1.5914116e-24
4.5494231e+03  1.5966891e-24
4.5599142e+03  1.6020619e-24
4.5704294e+03  1.6075263e-24
4.5809688e+03  1.6130787e-24
4.5915325e+03  1.6187159e-24
4.6021207e+03  1.6244347e-24
4.6127332e+03  1.6302322e-24
4.6233702e+03  1.6361058e-24
4.6340317e+03  1.6420529e-24
4.6447178e+03  1.6480712e-24
4.6554286e+03  1.6541584e-24
4.6661640e+03  1.6603125e-24
4.6769242e+03  1.6665317e-24
4.6877093e+03  1.6728141e-24
4.6985192e+03  1.6791580e-24
4.7093540e+03  1.6855619e-24
4.7202138e+03  1.6920244e-24
4.7310986e+03  1.6985441e-24
4.7420086e+03  1.7051198e-24
4.7529437e+03  1.7117503e-24
4.7639040e+03  1.7184345e-24
4.7748896e+03  1.7251715e-24
4.7859005e+03  1.7319603e-24
4.7969369e+03  1.7388000e-24
4.8079986e+03  1.7456900e-24
4.8190859e+03  1.7526295e-24
4.8301988e+03  1.7596178e-24
4.8413372e+03  1.7666544e-24
4.8525014e+03  1.7737386e-24
4.8636913e+03  1.7808701e-24
4.8749070e+03  1.7880483e-24
4.8861486e+03  1.7952729e-24
4.8974161e+03  1.8025434e-24
4.9087096e+03  1.8098597e-24
4.9200291e+03  1.8172215e-24
4.9313747e+03  1.8246284e-24
4.9427465e+03  1.8320804e-24
4.9541445e+03  1.8395772e-24
4.9655688e+03  1.8471188e-24
4.9770194e+03  1.8547050e-24
4.9884965e+03  1.8623357e-24
5.0000000e+03  1.8700111e-24
